1063
24 155 0
156 261 1
156 146 1
156 222 1
156 93 1
156 180 1
212 95 1
212 270 1
212 38 1
212 54 1
212 97 1
212 224 1
212 6 1
182 216 0
91 49 1
91 20 1
91 95 1
22 230 0
37 216 0
124 204 0
135 204 0
193 204 0
246 31 1
246 136 1
246 97 1
246 153 1
246 1 1
44 216 0
39 248 1
39 108 1
190 20 1
146 121 0
53 137 0
82 187 0
160 240 0
50 137 0
164 70 0
125 137 0
226 113 1
226 222 1
242 53 0
237 48 1
237 104 1
237 43 1
2 140 1
2 135 1
2 165 1
2 75 1
2 213 1
2 177 1
65 166 1
65 57 1
65 210 1
65 238 1
19 204 0
22 216 0
25 187 0
132 227 1
154 240 0
191 216 0
193 96 0
222 70 0
129 162 0
202 240 0
100 191 1
100 104 1
205 216 0
72 204 0
246 24 0
236 204 0
4 44 0
85 230 0
145 92 1
145 227 1
28 150 1
28 116 1
28 244 1
28 194 1
56 213 1
40 216 0
165 61 0
102 48 1
102 198 1
102 83 1
13 162 0
60 204 0
178 2 1
178 253 1
178 7 1
178 140 1
178 55 1
178 169 1
178 213 1
178 152 1
108 170 0
109 70 0
260 155 0
161 146 1
161 106 1
161 241 1
161 211 1
161 243 1
108 155 0
261 121 0
157 82 1
157 8 1
157 217 1
157 128 1
157 228 1
157 10 1
14 240 0
225 70 0
172 216 0
63 108 1
63 233 1
63 244 1
63 248 1
63 64 1
29 204 0
234 216 0
243 70 0
122 53 0
265 124 1
265 193 1
265 181 1
246 155 0
231 70 0
94 61 0
173 137 0
89 70 0
31 246 1
51 155 0
94 204 0
149 89 1
149 69 1
149 118 1
149 111 1
95 136 1
95 38 1
95 91 1
95 51 1
95 49 1
95 97 1
95 212 1
123 204 0
62 84 0
82 8 1
82 157 1
82 217 1
210 214 0
93 121 0
3 240 0
169 178 1
169 213 1
248 170 0
98 53 0
129 70 0
92 204 0
248 155 0
159 216 0
147 70 0
7 96 0
165 204 0
135 167 0
138 162 0
143 137 0
13 70 0
78 164 1
176 155 0
202 234 1
152 178 1
126 162 0
41 24 0
97 136 1
97 95 1
97 15 1
97 1 1
97 54 1
97 246 1
97 212 1
95 155 0
162 70 0
1 155 0
184 123 0
174 44 0
226 70 0
136 49 1
136 246 1
136 95 1
136 97 1
107 120 1
107 207 1
151 150 1
151 46 1
201 137 0
169 204 0
99 26 0
254 155 0
187 155 0
240 216 0
237 216 0
215 204 0
209 240 0
215 123 0
39 170 0
269 213 1
195 123 0
250 216 0
181 96 0
121 70 0
255 137 0
221 150 1
82 155 0
93 156 1
93 222 1
93 207 1
93 180 1
254 187 0
243 214 0
194 32 0
141 99 1
248 39 1
248 108 1
248 63 1
256 216 0
32 155 0
218 70 0
191 230 0
163 84 0
176 24 0
0 216 0
48 192 1
48 191 1
48 189 1
48 85 1
48 104 1
48 43 1
48 102 1
48 198 1
48 83 1
48 237 1
115 204 0
244 155 0
255 173 0
194 150 1
194 116 1
194 264 1
194 28 1
75 2 1
75 94 1
75 74 1
75 165 1
75 177 1
46 187 0
158 216 0
231 200 1
117 137 0
163 137 0
42 170 0
47 216 0
67 193 1
53 53 0
178 167 0
147 261 1
147 80 1
4 216 0
151 155 0
90 155 0
66 84 0
268 198 1
268 83 1
268 191 1
12 240 0
74 75 1
74 94 1
74 213 1
74 118 1
74 165 1
144 197 0
76 240 0
203 70 0
46 150 1
46 257 1
46 196 1
46 264 1
46 151 1
46 116 1
153 1 1
153 246 1
150 32 0
18 121 0
253 178 1
253 7 1
79 84 0
172 197 0
53 137 0
75 204 0
47 240 0
51 38 1
51 95 1
158 9 1
100 216 0
261 70 0
264 155 0
83 48 1
83 102 1
83 198 1
83 191 1
83 268 1
101 26 0
174 216 0
224 212 1
224 108 1
224 270 1
224 6 1
55 178 1
55 213 1
6 24 0
241 214 0
90 24 0
111 149 1
111 118 1
108 64 1
108 270 1
108 248 1
108 63 1
108 39 1
108 224 1
73 208 1
52 173 0
16 204 0
195 183 1
195 223 1
195 45 1
222 164 1
222 93 1
222 243 1
222 226 1
222 207 1
222 146 1
222 113 1
222 156 1
23 197 0
233 170 0
6 41 1
6 54 1
6 224 1
6 212 1
37 240 0
188 162 0
143 173 0
119 204 0
54 176 1
54 15 1
54 41 1
54 97 1
54 212 1
54 6 1
43 230 0
99 164 1
99 101 1
99 142 1
99 113 1
99 207 1
99 141 1
99 120 1
99 20 1
101 70 0
124 265 1
133 233 1
133 257 1
133 35 1
133 128 1
133 10 1
1 179 1
1 171 1
1 15 1
1 246 1
1 153 1
1 97 1
94 75 1
94 74 1
94 213 1
94 177 1
189 216 0
100 230 0
15 176 1
15 1 1
15 54 1
15 97 1
15 179 1
116 244 1
116 257 1
116 196 1
116 46 1
116 264 1
116 28 1
116 233 1
116 194 1
125 173 0
74 61 0
211 241 1
211 106 1
211 161 1
55 204 0
59 117 0
207 107 1
207 225 1
207 180 1
207 93 1
207 101 1
207 99 1
207 113 1
207 222 1
207 120 1
131 204 0
79 137 0
19 166 1
19 135 1
19 184 1
19 45 1
19 227 1
19 247 1
69 70 0
10 155 0
201 84 0
57 168 1
57 241 1
57 210 1
57 65 1
88 187 0
43 48 1
43 237 1
43 192 1
51 185 0
49 136 1
49 95 1
49 91 1
134 173 0
213 29 0
1 24 0
198 230 0
67 117 0
192 48 1
192 85 1
192 43 1
61 204 0
241 106 1
241 57 1
241 161 1
241 211 1
241 168 1
54 24 0
83 216 0
190 70 0
197 216 0
127 187 0
180 261 1
180 89 1
180 69 1
180 93 1
180 207 1
180 156 1
180 118 1
33 247 1
33 223 1
186 126 1
186 129 1
159 240 0
113 207 1
113 222 1
113 164 1
113 226 1
113 99 1
148 53 0
110 144 1
110 252 1
110 182 1
230 216 0
130 162 0
252 182 1
252 114 1
252 110 1
252 256 1
188 70 0
149 162 0
206 214 0
238 121 0
107 70 0
198 48 1
198 102 1
198 83 1
198 268 1
198 189 1
83 230 0
2 167 0
205 240 0
0 240 0
147 121 0
266 204 0
27 84 0
85 216 0
35 229 1
35 233 1
35 257 1
35 133 1
49 155 0
194 155 0
21 230 0
18 231 1
64 170 0
93 70 0
218 162 0
202 216 0
72 213 1
72 118 1
225 162 0
262 137 0
244 170 0
81 117 0
235 162 0
264 150 1
264 116 1
264 46 1
264 194 1
122 137 0
181 204 0
36 144 1
164 214 0
30 70 0
219 155 0
245 187 0
209 216 0
233 64 1
233 244 1
233 133 1
233 257 1
233 35 1
233 128 1
233 63 1
233 229 1
233 116 1
235 70 0
112 84 0
179 155 0
168 106 1
168 57 1
168 241 1
168 210 1
128 64 1
128 8 1
128 157 1
128 133 1
128 233 1
128 10 1
27 137 0
52 137 0
225 207 1
66 137 0
5 216 0
21 216 0
119 213 1
119 115 1
119 86 1
234 240 0
5 240 0
224 24 0
238 70 0
101 120 1
101 207 1
101 99 1
95 185 0
176 41 1
176 54 1
176 15 1
258 216 0
259 216 0
196 187 0
138 70 0
177 75 1
177 2 1
177 94 1
177 213 1
196 257 1
196 46 1
196 116 1
179 24 0
107 26 0
15 155 0
229 233 1
229 257 1
229 35 1
81 137 0
198 216 0
9 240 0
170 155 0
10 157 1
10 257 1
10 128 1
10 228 1
10 133 1
257 155 0
58 204 0
87 197 0
160 216 0
62 137 0
135 166 1
135 2 1
135 165 1
135 140 1
135 60 1
135 220 1
135 19 1
156 203 0
86 96 0
210 70 0
25 155 0
214 70 0
134 137 0
183 155 0
69 162 0
164 78 1
164 232 1
164 99 1
164 243 1
164 222 1
164 113 1
33 204 0
49 185 0
215 92 1
215 227 1
231 162 0
174 4 1
174 114 1
142 20 1
142 99 1
114 252 1
114 174 1
114 256 1
2 204 0
55 167 0
64 270 1
64 8 1
64 128 1
64 63 1
64 233 1
64 108 1
43 216 0
157 155 0
184 19 1
184 227 1
19 123 0
148 137 0
60 123 0
241 70 0
234 202 1
119 96 0
265 204 0
199 204 0
8 155 0
16 96 0
238 166 1
238 80 1
238 106 1
238 210 1
238 65 1
226 26 0
239 204 0
150 221 1
150 264 1
150 28 1
150 151 1
150 46 1
150 194 1
34 84 0
23 216 0
236 29 0
166 204 0
111 162 0
144 36 1
144 110 1
222 26 0
68 216 0
181 265 1
181 115 1
181 7 1
181 86 1
11 84 0
228 157 1
228 217 1
228 10 1
10 187 0
20 70 0
186 162 0
250 240 0
257 116 1
257 35 1
257 46 1
257 133 1
257 10 1
257 229 1
257 233 1
257 196 1
195 204 0
111 70 0
219 187 0
264 187 0
242 137 0
182 44 0
57 70 0
267 240 0
57 214 0
270 64 1
270 38 1
270 128 1
270 212 1
270 108 1
270 224 1
75 61 0
31 24 0
227 132 1
227 215 1
227 184 1
227 45 1
227 92 1
227 19 1
227 145 1
30 214 0
60 166 1
60 58 1
60 135 1
60 118 1
60 220 1
28 155 0
191 48 1
191 83 1
191 100 1
191 104 1
191 268 1
175 216 0
213 204 0
109 162 0
189 48 1
189 198 1
146 70 0
261 80 1
261 89 1
261 180 1
261 147 1
261 156 1
261 146 1
261 118 1
144 216 0
140 2 1
140 178 1
140 213 1
140 135 1
220 166 1
220 58 1
220 135 1
220 60 1
67 137 0
105 137 0
84 137 0
124 96 0
64 155 0
178 204 0
71 53 0
69 180 1
69 89 1
69 118 1
69 149 1
249 117 0
113 26 0
217 82 1
217 228 1
217 157 1
39 155 0
74 204 0
239 123 0
266 29 0
257 187 0
40 240 0
46 155 0
199 167 0
165 74 1
165 2 1
165 135 1
165 75 1
243 164 1
243 222 1
243 161 1
243 146 1
42 155 0
166 123 0
73 204 0
206 70 0
9 216 0
73 29 0
270 155 0
220 123 0
140 167 0
251 216 0
6 155 0
210 168 1
210 106 1
210 57 1
210 65 1
210 238 1
263 240 0
72 29 0
18 70 0
3 216 0
54 155 0
196 155 0
106 80 1
106 168 1
106 241 1
106 211 1
106 210 1
106 161 1
106 146 1
106 238 1
118 261 1
118 58 1
118 111 1
118 129 1
118 180 1
118 126 1
118 69 1
118 60 1
118 72 1
118 208 1
118 89 1
118 213 1
118 74 1
118 149 1
208 213 1
208 118 1
208 73 1
177 204 0
256 44 0
247 166 1
247 33 1
247 223 1
247 19 1
247 45 1
113 70 0
50 53 0
171 155 0
256 252 1
256 114 1
77 193 1
267 216 0
185 155 0
26 70 0
105 84 0
207 26 0
58 166 1
58 60 1
58 220 1
58 118 1
251 240 0
131 96 0
126 186 1
126 129 1
126 118 1
87 216 0
186 70 0
86 181 1
86 119 1
86 213 1
86 115 1
86 7 1
166 58 1
166 135 1
166 60 1
166 220 1
166 65 1
166 247 1
166 19 1
166 238 1
89 261 1
89 180 1
89 149 1
89 69 1
89 118 1
104 48 1
104 103 1
104 237 1
104 191 1
104 100 1
59 137 0
183 8 1
183 223 1
183 38 1
224 155 0
99 70 0
213 2 1
213 94 1
213 56 1
213 169 1
213 7 1
213 140 1
213 177 1
213 178 1
213 72 1
213 208 1
213 119 1
213 269 1
213 86 1
213 74 1
213 118 1
268 230 0
140 204 0
76 216 0
220 204 0
45 247 1
45 223 1
45 19 1
45 227 1
11 137 0
208 204 0
4 103 1
4 174 1
207 70 0
120 107 1
120 207 1
120 101 1
120 99 1
259 240 0
103 4 1
103 104 1
258 240 0
233 155 0
14 216 0
171 24 0
260 187 0
92 215 1
92 145 1
92 227 1
34 137 0
245 155 0
9 158 1
177 61 0
263 216 0
126 70 0
189 230 0
8 64 1
8 270 1
8 38 1
8 82 1
8 183 1
8 157 1
8 128 1
150 155 0
78 70 0
8 185 0
41 176 1
41 54 1
41 6 1
112 137 0
28 32 0
175 240 0
182 252 1
182 110 1
244 233 1
244 116 1
244 28 1
244 63 1
98 137 0
208 29 0
31 155 0
157 187 0
171 1 1
171 179 1
7 178 1
7 181 1
7 213 1
7 253 1
7 86 1
268 216 0
146 261 1
146 80 1
146 106 1
146 243 1
146 222 1
146 161 1
146 156 1
190 214 0
249 137 0
33 123 0
20 142 1
20 91 1
20 190 1
20 30 1
20 99 1
223 183 1
223 33 1
223 45 1
223 247 1
38 95 1
38 270 1
38 183 1
38 8 1
38 212 1
38 51 1
20 214 0
169 167 0
262 117 0
96 204 0
86 204 0
88 155 0
129 186 1
129 126 1
129 118 1
85 48 1
85 192 1
184 204 0
156 70 0
183 185 0
89 121 0
115 181 1
115 119 1
115 86 1
12 216 0
179 1 1
179 171 1
179 15 1
200 231 1
41 155 0
193 265 1
193 77 1
193 67 1
151 32 0
17 216 0
80 261 1
80 146 1
80 147 1
80 106 1
80 238 1
58 123 0
149 70 0
154 216 0
158 240 0
130 70 0
237 230 0
265 96 0
167 204 0
232 164 1
139 216 0
7 204 0
15 24 0
139 197 0
30 20 1
92 123 0
270 170 0
78 214 0
127 155 0
115 96 0
17 240 0
68 240 0
71 137 0
