985
262 34 1
256 49 0
256 212 0
256 148 0
256 13 0
256 96 0
197 98 0
197 191 0
197 184 0
197 93 0
197 222 0
197 77 0
197 259 0
21 35 0
21 176 0
21 98 0
261 257 1
125 6 1
53 10 1
86 10 1
128 265 0
128 219 0
128 222 0
128 207 0
128 41 0
101 6 1
85 203 0
85 134 0
210 176 0
212 233 1
263 209 1
63 46 1
185 57 1
220 209 1
264 209 1
186 170 0
186 148 0
74 263 1
165 108 0
165 12 0
165 119 0
118 240 0
118 86 0
118 104 0
118 201 0
118 158 0
118 180 0
23 208 0
23 238 0
23 243 0
23 267 0
261 6 1
113 46 1
166 149 0
60 57 1
94 126 1
148 121 1
162 260 1
181 57 1
163 64 0
163 12 0
44 6 1
128 262 1
218 10 1
79 101 1
80 257 1
195 251 0
195 149 0
114 228 0
114 43 0
114 19 0
114 31 0
107 158 0
253 6 1
104 254 1
129 108 0
129 226 0
129 227 0
135 260 1
161 118 0
161 250 0
161 130 0
161 240 0
161 167 0
161 171 0
161 158 0
161 33 0
134 39 1
231 121 1
249 34 1
172 212 0
172 151 0
172 45 0
172 213 0
172 62 0
49 233 1
178 63 0
178 173 0
178 269 0
178 246 0
178 160 0
178 139 0
164 57 1
152 121 1
106 6 1
42 134 0
42 241 0
42 19 0
42 203 0
42 115 0
69 10 1
11 6 1
111 263 1
14 53 0
14 94 0
14 52 0
50 254 1
225 209 1
265 128 0
50 10 1
237 198 0
237 56 0
237 1 0
237 204 0
98 219 0
98 184 0
98 21 0
98 88 0
98 35 0
98 222 0
98 197 0
112 10 1
192 102 1
63 173 0
63 178 0
63 269 0
243 216 1
13 233 1
136 57 1
171 161 0
171 158 0
203 39 1
182 263 1
15 6 1
130 126 1
104 10 1
86 153 1
211 260 1
229 209 1
135 121 1
215 75 0
2 34 1
181 11 0
33 161 0
232 260 1
235 262 1
222 219 0
222 98 0
222 58 0
222 41 0
222 93 0
222 128 0
222 197 0
260 121 1
26 112 1
3 101 1
186 121 1
219 35 0
219 128 0
219 98 0
219 222 0
81 138 0
81 124 0
200 228 0
200 224 0
146 209 1
171 10 1
234 131 1
67 34 1
46 34 1
57 6 1
32 57 1
214 112 1
85 39 1
82 158 0
205 112 1
72 6 1
52 126 1
233 121 1
16 209 1
92 228 0
13 256 0
13 148 0
13 124 0
13 96 0
67 46 1
62 216 1
31 70 1
133 234 0
203 85 0
203 134 0
203 42 0
70 34 1
132 121 1
64 257 1
54 102 1
2 262 1
9 6 1
108 144 0
108 64 0
108 110 0
108 80 0
108 12 0
108 119 0
108 129 0
108 226 0
108 227 0
108 165 0
174 10 1
16 225 1
31 228 0
31 43 0
31 18 0
31 114 0
201 118 0
201 50 0
201 242 0
201 104 0
201 180 0
224 46 1
27 6 1
24 103 0
17 209 1
54 209 1
157 39 1
168 6 1
95 94 0
263 263 1
161 153 1
169 49 0
169 109 0
200 34 1
258 34 1
145 102 1
84 226 0
84 227 0
84 64 0
83 57 1
242 201 0
242 50 0
242 158 0
242 1 0
242 104 0
47 48 1
99 57 1
30 121 1
224 228 0
224 66 0
224 117 0
224 18 0
224 200 0
224 43 0
207 41 0
207 128 0
228 70 1
187 233 1
250 161 0
250 130 0
76 102 1
106 48 1
263 209 1
201 10 1
168 57 1
88 184 0
88 98 0
27 55 0
227 108 0
227 129 0
227 226 0
227 64 0
227 84 0
71 131 1
77 197 0
77 134 0
77 191 0
77 259 0
167 161 0
167 158 0
259 262 1
45 216 1
258 262 1
204 237 0
204 1 0
134 115 0
134 191 0
134 203 0
134 42 0
134 85 0
134 77 0
268 37 0
230 225 1
51 10 1
205 0 0
205 25 0
205 97 0
148 75 0
148 13 0
148 62 0
148 186 0
148 124 0
148 212 0
148 170 0
148 256 0
156 48 1
241 39 1
259 235 0
259 93 0
259 77 0
259 197 0
125 57 1
141 260 1
229 225 1
38 10 1
93 2 0
93 58 0
93 235 0
93 222 0
93 197 0
93 259 0
119 257 1
234 75 0
234 71 0
234 175 0
234 170 0
234 124 0
234 133 0
234 138 0
234 176 0
53 14 0
188 241 0
188 66 0
188 20 0
188 246 0
188 139 0
41 202 0
41 78 0
41 58 0
41 128 0
41 207 0
41 222 0
50 201 0
50 242 0
50 158 0
50 180 0
163 257 1
58 2 0
58 41 0
58 93 0
58 222 0
58 202 0
43 19 0
43 66 0
43 117 0
43 224 0
43 18 0
43 114 0
43 241 0
43 31 0
264 225 1
242 254 1
213 45 0
213 151 0
213 172 0
167 10 1
122 17 1
124 81 0
124 152 0
124 96 0
124 13 0
124 71 0
124 234 0
124 170 0
124 148 0
124 138 0
190 10 1
76 209 1
193 208 0
193 86 0
193 26 0
193 97 0
193 149 0
193 244 0
146 102 1
238 248 0
238 45 0
238 243 0
238 23 0
120 46 1
119 108 0
119 165 0
119 144 0
88 90 1
35 219 0
35 98 0
35 21 0
28 225 1
158 69 1
41 262 1
226 257 1
95 17 1
144 108 0
144 80 0
144 119 0
254 10 1
45 151 0
45 238 0
45 172 0
45 213 0
45 248 0
93 262 1
210 121 1
48 6 1
150 46 1
96 49 0
96 198 0
96 56 0
96 13 0
96 124 0
96 256 0
96 1 0
4 244 0
4 25 0
68 232 0
68 162 0
15 57 1
170 124 0
170 148 0
170 75 0
170 186 0
170 234 0
127 263 1
177 47 0
177 206 0
177 22 0
257 6 1
123 260 1
206 22 0
206 91 0
206 177 0
206 8 0
141 121 1
237 260 1
194 216 1
267 233 1
226 108 0
226 129 0
226 227 0
226 84 0
226 110 0
227 257 1
118 153 1
44 57 1
9 57 1
169 233 1
100 10 1
142 102 1
20 266 0
20 241 0
20 66 0
20 188 0
143 257 1
187 24 0
115 39 1
132 260 1
181 6 1
61 158 0
61 1 0
152 260 1
270 209 1
19 39 1
183 17 1
5 260 1
18 228 0
18 43 0
18 224 0
18 31 0
111 209 1
52 10 1
87 47 0
75 216 1
221 121 1
179 34 1
189 46 1
32 6 1
241 115 0
241 19 0
241 188 0
241 66 0
241 20 0
241 246 0
241 42 0
241 266 0
241 43 0
5 121 1
223 102 1
202 34 1
248 151 0
248 238 0
248 45 0
248 243 0
246 115 0
246 173 0
246 178 0
246 188 0
246 241 0
246 139 0
142 209 1
230 209 1
152 124 0
145 209 1
245 6 1
143 6 1
38 158 0
38 174 0
38 236 0
11 57 1
245 57 1
77 262 1
71 138 0
71 124 0
71 234 0
98 90 1
2 235 0
2 93 0
2 58 0
73 6 1
159 6 1
117 46 1
211 121 1
180 201 0
180 118 0
180 50 0
180 158 0
117 66 0
117 224 0
117 43 0
202 262 1
81 131 1
266 241 0
266 66 0
266 20 0
183 209 1
55 57 1
39 34 1
139 178 0
139 66 0
139 246 0
139 160 0
139 188 0
196 48 1
185 6 1
192 209 1
86 208 0
86 118 0
86 104 0
86 240 0
86 137 0
86 154 0
86 193 0
256 30 1
236 126 1
113 34 1
216 121 1
28 209 1
56 260 1
75 215 0
75 36 0
75 234 0
75 62 0
75 148 0
75 170 0
35 90 1
214 251 0
214 149 0
24 260 1
3 79 0
3 91 0
175 176 0
175 234 0
91 206 0
91 3 0
91 8 0
118 10 1
167 153 1
115 191 0
115 173 0
115 246 0
115 42 0
115 241 0
115 134 0
26 193 0
26 149 0
193 112 1
127 209 1
137 112 1
11 181 0
38 126 1
14 10 1
29 10 1
51 126 1
267 208 0
267 109 0
267 151 0
267 243 0
267 23 0
186 131 1
239 10 1
228 92 0
228 18 0
228 114 0
228 200 0
228 224 0
228 31 0
89 102 1
156 6 1
218 69 1
204 260 1
47 87 0
47 177 0
148 131 1
247 6 1
52 14 0
52 174 0
52 130 0
52 236 0
116 102 1
160 178 0
160 269 0
160 139 0
139 46 1
68 260 1
72 57 1
66 43 0
66 20 0
66 224 0
66 188 0
66 139 0
66 266 0
66 241 0
66 117 0
205 10 1
179 46 1
18 46 1
74 209 1
22 101 1
217 57 1
238 216 1
191 115 0
191 184 0
191 246 0
191 197 0
191 134 0
191 77 0
201 254 1
265 262 1
149 166 0
149 214 0
149 26 0
149 97 0
149 251 0
149 193 0
149 195 0
221 216 1
137 208 0
137 140 0
137 86 0
137 1 0
137 154 0
64 108 0
64 227 0
64 163 0
64 12 0
64 84 0
59 6 1
231 260 1
110 108 0
110 226 0
49 109 0
49 198 0
49 96 0
49 169 0
49 256 0
49 212 0
49 1 0
240 118 0
240 161 0
240 158 0
240 86 0
154 208 0
154 140 0
154 86 0
154 137 0
95 209 1
255 209 1
102 209 1
53 126 1
65 263 1
56 96 0
56 198 0
56 1 0
56 237 0
199 17 1
170 131 1
269 63 0
269 160 0
269 178 0
85 34 1
239 112 1
100 69 1
66 46 1
253 57 1
29 153 1
104 242 0
104 118 0
104 86 0
104 201 0
62 75 0
62 148 0
62 172 0
62 212 0
157 34 1
208 112 1
268 10 1
194 121 1
55 6 1
268 69 1
154 112 1
240 153 1
147 6 1
243 248 0
243 151 0
243 238 0
243 23 0
243 267 0
105 57 1
61 69 1
187 121 1
136 6 1
151 109 0
151 248 0
151 45 0
151 213 0
151 243 0
151 172 0
151 212 0
151 267 0
1 49 0
1 140 0
1 204 0
1 162 0
1 96 0
1 232 0
1 56 0
1 137 0
1 61 0
1 37 0
1 198 0
1 158 0
1 242 0
1 237 0
37 158 0
37 1 0
37 268 0
180 10 1
8 101 1
244 208 0
244 4 0
244 25 0
244 193 0
244 97 0
170 121 1
220 263 1
78 34 1
8 206 0
8 91 0
40 94 0
217 6 1
90 34 1
131 121 1
255 102 1
124 131 1
140 208 0
140 137 0
140 154 0
140 1 0
147 57 1
190 126 1
232 68 0
232 162 0
232 1 0
196 6 1
68 121 1
236 52 0
236 38 0
236 158 0
236 174 0
236 130 0
208 140 0
208 86 0
208 137 0
208 154 0
208 23 0
208 244 0
208 193 0
208 267 0
198 49 0
198 96 0
198 237 0
198 56 0
198 1 0
12 108 0
12 7 0
12 165 0
12 64 0
12 163 0
122 209 1
0 173 0
0 25 0
0 184 0
158 118 0
158 50 0
158 107 0
158 171 0
158 130 0
158 240 0
158 180 0
158 161 0
158 61 0
158 37 0
158 38 0
158 82 0
158 236 0
158 242 0
158 1 0
84 257 1
240 10 1
99 6 1
154 10 1
97 244 0
97 25 0
97 193 0
97 149 0
116 209 1
79 7 0
79 3 0
138 81 0
138 124 0
138 71 0
138 234 0
159 57 1
7 79 0
7 12 0
73 57 1
164 6 1
78 262 1
249 46 1
251 214 0
251 195 0
251 149 0
89 209 1
189 34 1
55 27 0
180 254 1
105 6 1
110 257 1
173 115 0
173 191 0
173 184 0
173 63 0
173 0 0
173 178 0
173 246 0
215 121 1
173 90 1
235 2 0
235 93 0
235 259 0
223 209 1
114 70 1
59 57 1
22 206 0
22 177 0
19 241 0
19 43 0
19 114 0
19 42 0
182 209 1
37 69 1
265 34 1
178 46 1
78 41 0
78 202 0
130 161 0
130 52 0
130 158 0
130 250 0
130 236 0
84 6 1
212 49 0
212 109 0
212 151 0
212 62 0
212 148 0
212 172 0
212 256 0
210 216 1
199 209 1
4 112 1
176 175 0
176 21 0
176 210 0
176 221 0
176 234 0
25 0 0
25 4 0
25 97 0
25 244 0
184 98 0
184 191 0
184 0 0
184 173 0
184 197 0
184 88 0
176 216 1
171 153 1
270 17 1
126 10 1
236 10 1
120 34 1
162 68 0
162 232 0
162 1 0
80 108 0
80 144 0
0 90 1
198 233 1
174 52 0
174 38 0
174 236 0
83 6 1
202 41 0
202 78 0
202 58 0
103 24 0
235 34 1
94 14 0
94 40 0
94 95 0
200 70 1
252 6 1
109 49 0
109 212 0
109 169 0
109 151 0
109 267 0
140 112 1
60 6 1
27 57 1
123 121 1
165 257 1
14 126 1
153 10 1
36 75 0
155 6 1
58 262 1
155 48 1
221 176 0
251 112 1
191 39 1
215 216 1
150 34 1
174 126 1
252 57 1
247 57 1
65 209 1
