5216
56 18 16
61 44 11
45 81 44
74 18 28
12 61 5
15 125 26
41 25 3
64 49 16
26 61 39
109 56 3
90 106 26
47 19 44
10 66 28
18 100 36
62 134 14
100 134 35
13 85 44
40 66 1
10 76 28
64 88 41
66 23 3
18 87 22
91 60 28
90 83 26
27 44 34
24 44 22
74 61 3
60 27 22
103 128 33
13 44 28
117 11 35
32 27 16
76 66 22
116 27 28
43 18 28
66 87 28
78 111 5
32 95 17
18 92 11
68 44 28
103 60 39
61 82 18
105 21 17
109 24 11
43 81 44
74 30 35
117 132 16
38 25 3
109 24 28
22 60 27
74 107 28
25 95 17
91 109 19
74 8 28
30 105 33
35 61 45
30 132 24
18 49 3
127 50 16
83 81 44
83 28 4
43 66 28
30 58 24
92 35 35
76 3 11
2 131 44
27 132 22
13 83 26
119 73 44
35 64 33
67 81 44
11 20 26
66 30 35
26 76 39
17 37 44
110 37 44
115 38 11
108 49 11
116 64 33
32 3 28
32 117 18
30 117 33
112 8 18
69 76 27
115 24 21
18 109 39
110 66 11
56 21 17
120 29 10
49 76 22
76 44 11
129 130 18
38 71 3
75 76 28
2 81 44
60 35 35
99 38 45
38 4 3
116 76 45
26 76 28
67 24 45
97 78 37
124 78 37
41 18 3
91 28 4
89 26 16
31 134 32
28 108 11
41 92 3
94 61 45
85 106 26
76 66 3
63 44 16
24 82 22
40 41 28
116 27 39
82 80 26
120 90 27
60 92 3
67 68 26
92 66 28
48 2 35
24 61 34
80 97 26
83 38 19
44 113 22
108 56 34
130 21 17
13 96 26
56 66 11
112 58 16
127 121 44
76 18 1
116 60 28
38 74 36
27 113 28
76 73 28
124 21 17
41 130 38
109 56 39
127 62 2
29 117 33
32 40 28
44 35 35
26 38 45
66 4 3
94 29 4
49 18 22
96 9 26
113 8 26
121 126 35
44 3 22
89 109 45
92 25 28
28 49 11
22 92 6
91 21 7
130 80 26
64 0 44
3 25 22
113 84 26
46 107 16
44 76 22
28 92 21
109 49 22
52 85 8
60 132 28
74 125 36
76 74 0
19 95 17
30 108 39
115 29 11
58 74 45
109 66 11
88 96 40
38 56 39
22 30 27
69 61 5
117 76 16
109 132 22
62 93 9
131 120 23
40 60 3
15 70 9
109 38 1
120 9 43
27 25 28
82 130 44
67 76 28
41 4 3
49 109 22
129 35 35
99 122 44
68 18 28
103 61 39
75 24 28
22 109 10
61 76 16
38 40 11
108 87 28
49 73 28
32 40 16
30 25 28
46 26 35
20 18 45
27 23 3
18 60 3
50 9 27
66 40 22
94 18 10
118 61 5
129 132 16
109 4 3
29 78 3
41 81 44
108 61 44
76 108 39
88 79 40
66 76 28
5 69 13
79 31 26
24 38 39
41 89 38
109 92 11
76 38 22
103 3 33
22 99 6
74 41 5
54 64 16
38 130 28
50 95 7
29 74 39
11 92 28
91 51 44
24 109 0
74 56 34
38 58 22
43 24 45
76 45 22
18 89 22
68 25 28
56 97 18
48 91 16
38 25 44
76 38 36
13 21 17
24 80 22
117 58 18
38 74 1
38 62 36
40 27 28
20 24 45
30 66 33
32 92 28
130 95 17
61 74 3
74 25 44
56 123 18
100 86 35
52 38 5
103 25 28
120 38 10
109 18 34
49 106 35
22 53 6
64 74 16
120 12 44
91 44 39
100 21 17
38 109 1
8 109 45
109 24 34
32 98 18
92 84 28
99 9 26
85 0 44
109 1 44
18 24 11
18 24 44
15 65 35
43 94 26
125 134 14
29 120 3
113 81 44
66 130 28
120 94 6
120 38 28
23 61 3
18 76 39
1 56 3
24 91 3
74 49 28
120 109 27
30 109 28
30 89 24
22 35 6
79 92 28
91 92 28
96 26 26
131 37 44
1 74 3
29 91 3
18 76 28
27 103 35
35 81 44
49 45 22
15 86 14
22 75 43
3 26 35
110 97 38
18 124 36
27 18 28
44 103 35
117 113 18
29 22 3
55 111 5
64 58 16
50 31 27
52 18 24
113 68 16
91 76 5
52 18 5
83 24 39
98 130 44
10 27 28
123 0 44
3 76 22
30 74 28
63 3 16
44 18 28
55 51 44
54 19 44
13 109 45
6 57 21
68 46 33
69 93 44
30 60 28
74 95 17
50 35 27
110 119 38
78 124 5
118 108 5
105 84 18
4 1 3
94 74 39
24 25 22
90 85 44
117 30 35
71 74 11
64 130 18
40 97 22
38 100 36
18 74 11
76 58 28
42 134 32
104 37 44
60 44 44
56 76 11
76 88 35
75 3 28
50 38 27
29 76 39
117 45 18
35 44 39
53 24 28
32 132 18
105 117 30
41 109 3
33 61 45
15 78 9
26 27 39
133 21 7
68 76 39
40 25 28
26 128 33
52 76 11
40 58 22
60 110 28
75 27 33
85 103 26
58 26 16
60 66 0
20 81 44
83 92 33
96 53 26
10 74 28
1 95 17
66 78 3
48 37 44
83 108 39
74 98 28
35 61 39
96 109 28
30 35 26
9 92 28
50 40 27
106 92 28
15 55 9
106 40 39
120 106 27
46 119 18
124 131 14
120 94 14
38 24 39
6 70 21
60 107 22
54 76 16
99 18 45
15 36 9
91 3 39
71 21 5
89 38 45
56 92 3
103 3 28
30 38 39
24 15 36
128 123 18
75 24 45
89 98 26
115 108 5
83 76 39
50 74 27
74 109 39
20 60 28
61 76 11
125 86 14
109 29 11
83 18 19
32 120 16
125 65 35
52 60 11
29 60 33
45 123 26
3 130 28
76 87 22
38 76 34
3 56 3
13 20 26
52 75 8
111 133 9
30 75 26
89 132 26
4 27 3
56 24 16
121 50 16
28 81 44
92 61 3
79 66 28
56 97 28
56 61 34
53 42 26
44 109 22
12 56 5
10 18 28
117 49 16
66 40 3
38 56 34
16 81 44
120 90 6
55 95 17
63 49 16
76 38 28
18 38 39
129 112 44
115 18 21
88 56 45
119 0 44
63 88 16
38 44 22
52 44 11
92 51 44
38 40 28
94 46 33
22 76 27
68 38 45
105 64 30
110 29 3
114 21 17
58 123 26
109 40 3
66 68 35
59 49 28
22 94 6
104 7 8
132 73 26
64 128 44
113 30 16
27 44 0
107 58 26
94 76 4
106 46 33
94 42 26
105 44 16
108 25 3
40 44 3
9 56 45
86 18 45
69 56 5
124 78 9
50 79 27
91 65 14
1 109 3
46 90 35
24 109 22
91 109 5
27 82 22
46 60 16
108 113 28
106 61 39
35 38 45
59 3 28
32 128 44
83 76 45
30 74 24
22 35 27
50 38 5
125 111 26
23 66 3
128 96 35
128 88 15
42 66 28
38 76 39
76 18 39
26 116 26
101 18 5
18 24 5
103 92 39
49 58 22
115 49 11
55 95 5
18 24 3
74 18 5
78 15 5
116 9 26
128 11 35
10 21 17
68 18 45
112 81 44
129 66 16
60 68 35
38 3 11
124 37 44
109 98 28
44 76 28
121 120 13
12 70 44
64 63 29
44 66 28
64 63 31
18 24 28
76 109 1
13 11 26
109 108 3
15 29 5
49 45 28
68 95 17
24 12 3
3 98 22
26 92 39
3 119 28
107 132 26
94 49 28
15 50 9
69 86 14
43 60 28
59 24 28
99 27 28
120 74 10
72 78 23
85 75 26
4 109 3
42 56 45
60 44 28
18 113 28
58 21 17
30 92 33
50 75 27
64 67 35
3 92 3
115 60 21
60 49 3
103 3 39
40 74 3
111 37 44
99 95 17
97 84 44
3 76 28
92 60 22
105 119 18
70 56 5
79 99 26
106 129 33
66 60 3
20 99 26
13 31 26
92 66 0
127 22 16
111 131 14
110 4 3
28 38 5
6 66 3
24 60 22
48 131 35
24 8 28
24 38 1
85 42 26
46 40 28
91 24 5
62 111 44
74 38 28
55 66 28
83 108 4
109 78 3
108 82 18
3 92 22
132 97 26
22 44 27
56 1 3
120 93 44
18 60 11
38 76 22
3 113 22
68 92 39
74 73 28
46 44 16
46 61 16
76 29 34
20 94 26
28 24 5
74 119 28
64 80 18
30 74 39
76 132 22
11 122 44
74 76 5
44 1 3
67 40 28
46 82 18
70 21 17
120 103 43
108 29 3
111 78 9
68 38 39
106 81 44
48 121 44
105 38 16
38 74 39
76 40 22
113 82 26
91 93 44
120 44 28
112 132 16
30 109 45
112 0 44
52 38 21
22 83 6
54 38 16
100 57 9
27 60 3
94 81 44
74 84 28
76 92 3
96 60 28
22 120 7
55 78 44
0 21 17
13 9 26
109 108 39
41 73 38
41 44 3
22 74 27
3 60 3
38 116 35
22 27 27
76 27 11
115 109 5
50 61 5
76 95 17
56 130 28
43 27 28
64 79 35
76 58 22
76 38 39
100 69 9
16 37 44
125 101 9
82 84 44
56 98 28
129 103 35
94 44 39
28 95 17
76 24 22
115 92 21
26 18 39
74 55 28
92 80 28
92 49 3
42 106 26
50 66 27
52 122 8
76 38 0
27 40 3
90 108 45
59 76 45
67 25 28
96 106 26
55 72 25
88 18 45
92 80 22
96 18 28
22 21 7
60 84 28
120 76 5
30 49 28
18 40 3
49 119 28
43 9 44
128 108 16
62 33 35
44 106 35
18 25 28
103 66 28
76 18 22
18 25 44
3 66 0
18 30 35
64 11 35
3 41 28
35 40 33
66 41 28
92 40 28
71 15 5
1 4 3
27 3 34
128 18 16
40 92 28
10 35 26
109 106 35
68 74 45
117 90 35
53 56 45
85 24 28
117 107 16
117 120 16
42 122 44
128 68 35
110 3 3
56 40 11
15 21 17
120 88 43
60 107 28
100 62 26
25 92 22
55 93 44
74 24 1
73 119 26
4 21 17
43 38 45
74 116 35
133 108 5
46 96 35
105 87 18
69 94 27
44 77 36
83 76 19
88 81 44
117 84 18
129 88 15
42 68 26
94 24 39
24 107 22
80 130 44
32 79 35
66 74 3
74 24 22
38 66 28
18 76 22
52 41 21
115 108 11
3 82 28
48 22 13
3 27 3
9 49 28
103 44 28
20 74 45
63 64 18
55 118 5
106 18 28
49 60 3
122 24 45
50 49 27
52 108 24
61 92 28
56 87 28
3 8 22
15 69 9
18 92 3
66 27 22
15 22 9
103 66 39
104 27 8
50 44 27
89 82 26
92 82 22
49 95 17
120 20 27
107 97 26
100 22 9
38 29 34
103 49 28
106 74 45
60 3 3
13 42 26
75 109 39
63 114 23
61 119 28
31 75 26
68 117 33
18 56 3
41 40 3
43 61 45
129 64 30
24 44 28
62 2 35
24 74 22
64 123 18
62 120 9
26 92 33
107 81 44
35 38 28
32 11 35
40 123 22
40 82 22
38 49 44
27 68 35
124 2 14
109 74 34
14 24 19
56 107 18
18 76 1
91 49 28
120 35 43
120 74 28
2 121 28
42 25 28
18 56 39
46 66 28
24 125 36
52 108 5
99 68 26
112 119 18
31 27 28
64 56 16
42 92 28
130 84 44
44 89 28
22 18 27
25 21 17
111 50 9
44 80 22
27 73 28
32 132 16
94 60 39
13 67 26
99 49 28
119 55 37
94 38 39
75 18 45
94 66 28
56 38 16
24 71 3
103 75 26
79 60 28
94 109 45
10 99 26
14 29 19
2 37 44
76 3 28
111 14 14
86 0 44
109 56 34
76 74 3
124 57 9
65 29 45
46 40 16
3 40 0
73 84 26
111 78 37
27 113 22
23 74 3
85 56 45
25 49 22
26 66 28
56 38 3
73 82 26
6 81 44
56 111 36
99 60 28
46 98 18
103 81 44
74 27 11
24 27 28
91 33 14
69 104 27
26 35 26
121 91 16
66 124 35
107 80 26
11 60 28
124 134 14
32 129 18
126 21 17
30 18 39
38 15 36
115 27 11
25 18 3
10 134 32
54 49 16
53 99 26
96 44 28
35 92 28
128 84 18
82 81 44
60 89 28
92 130 22
27 25 3
29 60 3
97 84 26
3 61 3
113 103 16
58 116 16
76 27 22
92 97 22
91 38 5
13 103 26
108 41 5
46 10 35
26 61 45
101 21 17
28 44 21
117 10 35
74 68 35
20 27 28
89 21 17
110 95 17
62 126 14
40 92 34
24 97 22
76 61 39
29 61 3
24 30 35
94 74 19
83 92 39
92 24 3
33 74 4
85 74 45
11 74 28
66 45 28
125 134 35
56 58 16
74 80 22
10 83 26
15 86 35
122 0 44
24 38 36
28 40 21
62 57 9
117 98 18
8 74 45
49 1 44
54 63 29
125 126 35
3 97 22
57 21 17
29 49 3
99 66 28
109 98 22
18 84 22
32 91 16
48 62 2
89 74 45
117 80 18
10 74 45
117 130 18
44 60 22
66 3 28
109 74 22
76 74 11
5 120 16
56 87 18
28 3 11
96 61 45
83 24 28
10 29 45
23 108 3
56 91 3
37 21 17
26 109 39
120 109 5
98 84 44
22 94 43
60 106 35
69 74 27
80 73 44
18 82 22
82 84 26
61 58 16
94 134 32
109 74 0
103 24 45
24 124 36
68 44 33
83 18 39
128 49 16
79 83 26
99 0 44
3 49 22
83 0 44
91 24 19
116 30 26
29 27 33
32 67 35
76 44 3
109 129 35
11 53 26
109 60 22
61 92 11
60 84 22
28 61 10
124 111 44
75 92 39
32 73 18
21 95 17
35 31 26
5 12 13
132 21 17
48 95 17
13 108 45
108 76 16
106 18 39
3 73 22
11 56 45
117 109 16
130 55 37
75 38 28
34 19 44
32 56 16
90 75 26
68 129 33
55 41 5
60 88 35
18 123 28
75 46 33
41 24 3
67 27 28
28 61 5
12 92 28
43 35 26
129 58 16
120 18 28
94 92 33
75 29 45
74 84 22
15 55 37
68 64 33
2 62 28
67 9 26
110 44 8
110 23 3
128 132 18
106 108 45
59 18 45
96 67 26
13 53 26
125 133 9
20 56 45
38 74 0
22 11 6
66 18 22
26 3 39
15 111 26
68 40 39
10 18 45
61 84 18
117 61 16
67 18 28
50 3 27
134 65 44
103 92 28
8 82 26
111 81 44
40 109 28
120 94 27
3 74 28
27 1 44
49 24 22
129 0 44
94 28 4
119 84 44
66 3 3
120 30 27
46 107 18
25 27 22
41 66 3
100 121 2
79 49 28
91 108 4
96 85 44
109 40 28
24 76 11
109 92 28
109 25 28
43 30 26
13 27 28
63 38 16
18 87 28
85 53 26
73 87 26
117 95 17
22 103 6
18 62 36
116 27 33
56 60 11
46 44 28
60 8 28
25 76 3
14 24 45
32 87 18
25 76 28
19 66 3
125 55 37
24 76 39
109 68 35
100 91 9
29 25 3
109 26 35
68 128 33
109 18 28
55 108 5
117 81 44
26 60 39
11 38 28
92 60 3
12 24 28
110 44 3
117 18 16
103 64 33
93 21 17
108 15 36
66 61 3
120 42 6
90 99 26
32 29 16
83 49 28
35 24 28
61 66 28
83 64 33
13 75 26
11 95 17
75 18 39
116 61 39
27 61 3
93 51 44
74 24 28
5 70 16
68 116 26
115 3 21
29 23 3
109 24 1
29 12 3
68 44 39
46 38 16
56 123 28
128 97 18
24 74 28
11 42 26
24 18 3
51 21 17
66 44 0
66 38 22
120 79 43
128 74 16
90 67 26
91 24 28
120 11 43
103 56 39
22 88 27
44 49 3
109 44 22
132 24 45
77 27 23
46 132 16
111 2 14
5 133 13
35 38 39
85 79 26
32 88 35
127 101 16
31 108 45
76 1 44
73 81 44
87 21 17
11 25 28
69 83 27
76 27 28
60 109 22
103 46 33
53 44 28
5 101 16
40 84 22
15 33 35
120 9 27
54 56 16
59 109 28
83 38 28
13 76 28
129 123 18
99 134 32
129 40 16
12 74 5
74 12 3
99 29 45
123 87 26
117 79 35
106 122 44
86 108 45
105 80 18
71 55 28
35 89 5
3 80 28
76 109 28
96 31 26
85 92 28
109 91 3
83 128 33
102 37 44
115 61 5
109 38 28
24 40 22
68 76 45
52 29 24
76 24 34
121 81 44
94 18 39
56 89 18
92 27 0
111 134 14
116 56 39
2 125 28
38 51 44
129 38 16
56 15 36
76 22 3
3 38 28
52 56 11
111 95 17
114 81 44
106 60 28
22 67 6
60 77 23
109 25 3
66 21 17
61 66 3
100 127 2
129 80 18
18 27 22
112 82 18
74 21 17
105 113 18
9 18 45
83 30 26
83 134 32
22 3 27
38 49 3
116 92 28
71 17 5
29 44 33
96 9 44
83 18 45
58 80 26
115 44 21
106 3 39
68 24 28
120 31 6
114 39 44
59 60 28
74 109 0
60 95 17
15 18 5
16 21 17
124 134 35
22 18 10
1 24 3
66 55 28
10 85 44
57 93 44
20 74 28
111 65 35
69 88 27
76 132 28
18 78 3
18 27 28
76 51 44
111 71 37
52 116 8
90 9 26
52 92 24
38 132 22
119 71 37
121 12 16
118 19 44
92 24 28
41 113 38
83 74 4
56 22 3
95 81 44
49 51 44
49 25 44
55 71 22
69 79 27
52 92 8
83 75 26
91 76 19
124 2 35
49 84 28
124 126 14
24 73 28
92 8 28
11 9 26
69 29 5
101 38 5
18 106 35
22 49 6
67 76 45
110 92 3
98 21 17
33 109 4
91 3 28
74 24 11
38 76 1
15 71 9
40 73 28
103 56 45
43 18 45
60 92 28
68 108 45
127 131 35
29 32 33
14 109 45
35 18 45
96 3 28
76 80 28
3 44 22
11 38 45
31 18 45
49 80 22
38 8 28
56 130 18
90 38 28
74 91 3
56 62 36
74 76 0
127 91 16
74 61 39
92 113 28
24 74 11
52 40 8
18 107 22
85 38 45
117 96 35
116 38 28
27 44 22
104 34 8
108 91 3
129 44 16
27 97 22
24 103 35
103 109 28
45 30 16
112 58 18
41 3 11
108 125 36
53 116 26
124 101 9
83 108 45
76 109 36
129 120 16
46 29 16
27 66 0
125 50 9
129 91 16
64 117 29
67 116 26
134 108 45
116 56 45
63 129 41
32 92 16
22 88 43
55 62 5
116 95 17
120 3 28
60 27 34
62 71 9
79 3 28
120 109 28
49 44 22
94 21 17
108 107 28
44 40 28
18 29 39
83 76 10
8 0 44
76 84 28
38 123 28
109 27 28
76 3 3
60 23 3
64 97 18
64 112 44
10 103 26
75 95 17
3 40 3
9 76 45
3 107 22
26 40 39
22 21 17
52 74 5
45 73 26
120 35 6
100 76 10
127 12 16
68 106 26
3 24 22
74 38 36
44 40 0
100 126 35
67 3 28
18 98 28
118 95 17
127 101 13
85 83 26
101 21 7
43 26 26
24 108 3
98 73 44
13 30 26
79 74 45
66 80 28
14 29 4
120 95 7
113 87 26
22 60 6
85 68 26
66 119 28
26 117 33
56 61 39
29 55 3
85 43 26
12 38 28
40 8 28
112 97 18
18 24 1
3 80 22
96 99 26
3 73 28
64 44 16
49 18 3
106 38 39
11 103 26
101 70 44
56 109 3
78 55 28
92 44 22
125 131 35
99 76 45
61 74 16
15 131 14
42 44 28
75 109 45
83 29 39
11 90 26
58 35 16
60 109 28
40 44 28
26 64 33
3 25 28
40 109 22
120 61 5
70 74 5
106 89 5
29 62 36
63 60 16
109 25 22
101 56 5
82 21 17
55 110 5
30 49 39
29 38 3
65 109 45
23 3 3
120 99 6
104 3 8
91 24 4
9 44 28
96 134 32
120 103 27
58 8 26
64 82 18
108 66 28
24 18 1
33 108 4
129 92 16
3 66 28
69 10 27
91 74 39
117 89 18
117 129 18
96 76 45
3 38 22
111 55 9
111 126 35
56 12 3
54 18 16
26 74 39
120 85 6
56 124 36
44 82 28
85 29 45
78 118 5
66 44 28
68 109 45
62 69 9
25 51 44
69 108 5
33 74 19
44 38 22
92 49 22
108 24 11
74 76 28
44 25 44
74 132 28
43 53 26
68 38 28
108 1 3
103 32 33
3 44 0
5 69 16
116 0 44
3 88 35
30 27 39
64 21 17
22 13 6
40 89 22
3 87 22
75 129 33
42 3 28
32 109 16
124 55 9
129 97 18
60 76 22
106 49 39
99 18 28
42 18 45
98 71 37
20 53 26
14 61 4
61 81 44
22 99 43
75 66 39
39 37 44
117 73 18
109 30 35
124 14 35
30 66 39
75 29 39
120 29 5
22 104 27
85 3 28
41 95 17
83 31 26
40 87 28
56 119 18
109 76 3
40 45 22
72 66 3
55 109 5
120 26 27
26 31 26
120 90 43
134 76 45
108 60 11
106 27 33
3 74 3
20 9 44
117 119 18
10 96 44
27 89 28
98 80 26
38 26 35
26 106 26
122 18 45
116 44 28
18 38 11
44 109 3
116 66 33
128 24 16
22 79 27
64 18 16
103 44 39
41 80 38
108 92 3
87 84 26
26 89 5
53 68 26
63 117 42
43 68 26
34 11 38
30 99 44
86 24 45
46 87 18
41 1 3
74 24 39
74 29 36
35 40 39
38 24 44
52 60 8
96 0 44
44 58 28
40 8 22
116 21 17
29 74 3
32 58 18
22 103 43
28 18 5
56 18 3
120 14 14
4 23 44
62 14 14
15 81 44
105 0 44
103 9 26
49 24 3
120 53 6
120 30 6
49 109 28
74 78 28
132 103 16
38 3 3
50 93 44
24 92 22
14 108 45
109 119 22
66 18 3
49 73 22
29 66 33
27 66 22
8 55 37
61 22 3
106 109 45
20 116 26
29 71 3
92 45 22
11 31 26
127 22 13
103 60 33
44 38 28
22 91 7
74 108 3
113 119 26
76 18 5
112 107 16
10 109 45
116 89 5
103 27 28
113 21 17
110 58 38
125 62 26
49 23 3
89 84 26
76 87 28
107 130 26
40 1 44
61 120 3
132 116 16
49 60 28
120 67 43
127 81 44
32 63 29
67 92 28
83 61 39
132 123 26
8 119 26
60 25 3
108 130 18
60 26 35
67 21 17
27 38 22
22 38 27
22 95 7
79 9 44
129 3 16
66 130 22
13 109 28
20 29 45
90 29 45
94 18 19
108 109 3
55 61 5
24 40 28
8 78 37
24 4 3
36 95 17
116 31 26
28 18 11
85 66 28
74 92 28
124 65 35
26 29 39
109 60 3
15 62 26
18 56 34
10 26 26
76 18 11
116 76 28
3 18 22
22 51 44
62 131 35
120 26 43
60 40 3
12 24 5
56 84 28
54 37 44
56 78 3
76 21 17
108 12 3
30 61 39
110 3 11
10 9 26
18 108 39
18 109 0
44 119 28
109 24 39
121 120 16
132 106 16
9 27 28
55 56 5
122 74 45
130 119 26
20 40 28
85 38 28
66 82 28
82 97 26
66 74 28
134 74 45
120 67 27
25 1 44
108 120 3
69 106 27
62 50 9
111 134 35
106 29 39
88 64 18
36 21 17
29 108 39
18 113 22
60 38 3
117 68 35
111 71 9
60 40 22
17 62 38
35 27 33
27 51 44
132 84 26
76 25 3
22 56 10
58 109 45
49 38 28
95 21 17
43 90 26
66 1 3
106 66 33
66 24 22
63 66 3
38 106 35
63 72 44
92 29 3
78 66 11
108 8 18
11 18 45
85 109 28
18 109 3
120 106 43
62 86 35
104 81 44
120 85 27
90 9 44
27 44 28
27 40 0
24 60 28
107 103 16
17 100 38
40 44 44
56 107 28
61 56 3
85 26 26
71 93 44
110 40 11
20 35 26
94 122 44
54 61 16
68 109 39
28 110 21
76 109 0
40 38 3
108 76 3
61 58 18
76 109 11
38 61 3
63 117 31
4 44 3
100 5 2
89 30 16
108 58 16
60 130 22
18 88 35
107 73 26
24 25 28
109 24 44
85 94 26
18 97 22
60 113 22
70 93 44
38 55 3
59 66 28
59 21 17
103 38 45
109 103 35
64 96 35
4 108 3
60 45 28
24 29 36
52 56 24
66 76 3
24 76 22
69 41 27
24 108 39
49 82 22
108 97 28
111 93 9
26 3 33
120 24 27
18 45 22
80 123 26
100 48 2
128 67 35
33 76 19
104 118 8
90 35 26
28 21 17
29 40 33
22 25 27
98 78 37
91 76 4
120 56 10
109 8 28
70 61 5
13 26 26
74 24 3
92 38 22
64 61 16
28 27 11
22 67 43
76 80 22
83 60 39
64 38 16
40 124 35
40 84 28
1 61 3
110 40 8
76 61 34
85 122 44
22 40 28
120 88 27
85 35 26
53 122 44
38 109 39
61 98 18
108 61 3
38 108 3
108 3 3
14 18 19
75 122 44
115 41 21
69 43 27
22 74 5
70 108 5
58 95 17
49 92 3
41 84 38
67 106 26
52 66 11
11 109 28
11 81 44
120 56 5
132 8 26
30 27 33
40 51 44
108 18 11
116 24 39
86 38 45
45 103 16
83 25 28
52 40 21
66 49 28
12 60 28
103 76 45
38 124 36
124 71 37
100 134 14
13 10 26
121 101 16
61 21 17
74 109 22
32 107 16
105 82 18
49 27 22
103 74 28
4 95 17
14 61 45
110 21 17
3 25 3
90 18 45
115 44 11
67 56 45
111 33 14
40 49 28
113 98 26
108 87 18
22 90 27
111 2 35
81 21 17
28 24 11
24 132 22
83 109 28
108 84 28
26 38 28
18 92 22
133 74 5
75 128 33
37 81 44
129 27 16
12 38 5
79 116 26
77 40 23
68 32 33
18 109 36
83 56 4
113 80 26
49 92 28
25 74 22
75 49 28
22 10 43
56 8 28
94 9 44
109 74 39
52 76 5
20 83 26
60 40 0
4 40 3
69 116 27
106 9 44
116 38 45
8 71 37
32 116 35
5 70 13
83 24 10
42 35 26
116 105 33
64 73 18
46 27 16
107 123 26
65 21 17
44 25 22
111 33 35
57 95 17
88 129 20
94 60 33
69 21 17
27 29 3
94 27 33
79 40 28
44 45 22
90 109 45
67 94 26
91 76 28
43 40 28
54 40 16
34 47 44
11 40 28
116 40 33
130 8 26
92 109 22
116 74 28
97 119 26
24 119 28
7 95 17
100 33 35
53 85 44
3 77 36
100 78 9
46 92 13
94 40 28
80 71 37
75 27 39
120 75 6
122 29 45
120 67 6
61 18 3
105 109 16
58 84 44
3 51 44
49 113 22
128 21 17
49 27 28
104 40 8
49 87 28
33 38 45
11 9 44
44 27 0
68 74 39
134 81 44
60 108 3
38 21 17
17 125 38
66 107 28
124 33 35
41 87 38
64 109 16
83 66 28
94 38 19
121 37 44
133 109 5
111 131 35
52 61 24
97 130 44
38 18 3
115 18 5
24 62 36
83 74 28
83 74 45
96 103 26
88 105 42
24 44 11
44 97 28
27 77 36
118 56 5
120 66 28
105 24 16
115 56 5
24 88 35
92 27 3
76 61 3
125 33 14
3 97 28
74 109 28
112 84 18
63 61 16
120 31 27
91 18 39
27 40 28
33 18 45
115 92 11
24 58 22
76 111 36
64 63 41
54 81 44
109 3 11
18 60 22
44 66 22
113 84 44
76 107 28
60 66 3
74 44 3
53 76 28
40 4 3
18 92 28
96 94 26
22 96 43
13 38 28
120 10 43
26 44 28
74 18 0
120 83 6
44 73 22
96 95 17
75 40 39
87 95 17
61 111 36
35 60 28
26 49 39
32 66 16
26 38 39
83 99 44
13 76 45
5 37 44
115 3 11
23 4 3
62 36 9
49 40 3
35 75 26
115 40 21
11 29 45
94 128 33
55 66 3
40 29 3
20 85 44
61 40 11
117 114 23
109 27 22
92 18 22
30 24 24
12 21 17
24 23 3
42 26 26
99 109 28
69 68 27
74 24 34
127 126 35
56 4 3
42 38 28
112 130 18
53 74 45
44 27 28
6 78 21
62 78 37
99 109 45
73 71 37
66 3 22
84 81 44
117 21 17
129 84 18
22 49 28
52 90 8
30 27 28
44 40 3
18 109 28
61 8 18
22 66 6
75 38 45
5 101 13
91 44 28
40 74 22
8 84 44
56 112 44
28 41 21
91 60 39
66 25 22
10 24 28
116 74 45
16 95 17
113 123 26
129 76 16
88 21 17
91 109 39
72 81 44
103 92 33
38 76 3
48 12 16
133 51 44
20 9 26
44 107 22
18 8 22
92 26 35
73 95 17
121 133 13
60 82 28
83 40 28
27 49 22
76 89 22
74 44 28
45 130 26
60 41 28
66 88 35
89 0 44
67 42 26
18 74 0
22 103 27
83 116 26
74 66 11
56 80 28
106 105 33
35 27 39
24 60 3
75 49 39
73 84 44
68 27 28
11 96 26
44 18 22
20 66 28
60 58 28
15 108 5
27 84 22
20 44 28
96 10 26
61 113 18
56 73 28
18 108 3
3 40 28
3 132 28
105 3 16
28 29 11
30 31 26
30 38 28
74 8 22
66 106 35
30 66 28
121 70 13
66 73 28
38 92 28
109 73 28
24 89 28
30 24 28
54 72 44
74 15 36
25 1 3
35 134 32
92 110 28
119 87 26
41 123 38
52 22 3
38 40 3
76 3 22
22 95 17
78 95 5
35 56 39
76 107 22
27 82 28
76 119 28
61 124 36
116 40 28
128 112 44
58 132 26
50 30 27
93 95 17
3 58 22
49 27 3
32 44 28
120 85 43
42 74 45
4 23 3
117 66 16
59 18 28
3 58 28
76 108 34
43 79 26
123 130 44
20 24 28
55 17 5
56 40 28
70 18 5
109 44 28
18 66 28
64 107 18
30 29 45
65 24 45
18 24 22
125 65 14
22 44 28
28 76 11
63 128 23
68 56 39
94 108 39
56 0 44
28 115 34
24 3 22
83 3 28
92 1 3
94 103 26
61 130 28
14 29 45
129 32 42
16 19 44
24 35 35
100 126 14
74 40 22
92 30 35
59 109 45
61 87 28
18 49 44
30 122 44
10 106 26
109 3 28
24 44 3
26 27 33
52 99 8
105 95 17
13 74 45
24 26 35
79 76 45
92 44 28
74 108 39
47 21 17
113 58 26
75 25 28
47 66 3
59 24 45
35 76 39
108 27 3
42 60 28
27 97 28
32 38 16
40 66 28
68 61 39
82 119 26
124 126 35
30 38 45
108 61 34
133 70 44
33 95 17
129 67 35
30 109 24
52 68 8
15 95 17
98 97 26
109 107 28
16 46 38
64 10 35
50 24 27
38 18 5
13 60 28
60 73 22
25 3 22
129 109 16
42 74 28
24 100 36
40 113 28
108 66 11
59 44 28
22 41 27
120 25 27
27 3 22
117 112 44
68 9 44
106 64 33
68 105 33
108 40 3
31 38 28
52 115 34
94 116 26
120 74 27
90 18 28
109 29 39
9 76 28
70 21 7
13 56 45
65 81 44
108 38 3
129 81 44
35 3 28
80 81 44
66 103 35
32 8 18
35 92 39
85 108 45
20 109 28
122 134 32
85 24 45
74 60 11
59 95 17
45 107 26
74 27 28
40 92 22
28 109 21
67 103 26
53 35 26
66 109 3
106 3 33
106 35 26
117 58 16
52 30 8
61 24 11
41 40 8
10 56 45
114 66 3
126 81 44
108 58 28
92 3 34
26 56 39
3 123 22
60 21 17
69 26 27
22 31 6
62 95 17
33 24 45
109 74 5
52 74 21
9 74 45
57 109 5
38 109 36
100 62 4
33 76 45
28 38 10
67 74 45
46 123 18
41 107 38
40 3 0
30 21 17
22 96 6
14 65 44
61 97 18
38 111 36
33 109 45
5 133 16
92 3 22
127 69 13
43 74 45
64 98 18
30 24 39
29 38 39
8 95 17
106 109 39
41 98 38
66 92 28
58 18 45
29 15 36
49 66 22
109 61 3
9 81 44
56 25 3
92 89 28
83 122 44
61 98 28
35 9 44
110 113 38
44 3 28
23 49 3
4 38 3
125 2 14
41 119 38
105 40 16
28 74 21
41 58 38
3 106 35
60 27 3
28 60 21
15 126 35
99 35 26
46 74 16
110 89 38
38 74 28
79 95 17
27 107 28
49 25 22
56 49 11
75 0 44
43 74 28
24 95 17
60 24 3
92 40 3
38 119 28
20 21 17
94 95 17
22 74 28
57 74 5
120 40 27
91 109 4
83 38 45
24 51 44
79 29 45
76 49 44
38 109 28
24 76 3
90 56 45
35 108 39
8 87 26
85 11 26
61 3 3
27 60 22
74 61 34
85 18 45
62 78 9
32 61 16
107 98 26
27 92 34
52 21 17
74 24 44
109 123 28
52 79 8
85 9 26
61 91 3
91 86 14
46 3 16
73 97 26
120 53 43
6 36 21
49 3 3
129 114 23
94 74 4
128 60 16
24 98 22
71 66 28
40 80 22
80 84 44
25 92 3
22 76 5
109 22 3
26 21 17
27 24 3
128 81 44
13 95 17
102 21 17
14 95 17
115 24 5
92 95 17
92 98 22
56 49 3
8 21 17
29 92 3
28 3 21
18 119 28
100 14 35
49 61 3
6 101 21
74 24 0
11 44 28
79 44 28
110 41 1
59 76 28
85 31 26
125 55 9
49 84 22
11 83 26
44 97 22
57 61 5
90 3 28
74 82 22
52 24 24
132 68 16
88 134 32
67 26 26
128 13 35
60 44 3
100 131 35
74 27 3
99 75 26
16 66 3
49 25 28
56 58 28
24 76 28
100 14 14
66 40 28
60 45 22
49 92 22
69 91 7
38 44 3
99 76 28
59 61 45
74 76 3
38 18 1
52 74 11
120 99 43
24 25 44
24 66 22
34 21 17
56 27 3
38 109 0
128 107 18
24 111 36
46 128 44
28 108 5
52 109 21
55 66 11
40 92 0
109 97 22
74 38 5
91 59 14
52 110 21
109 51 44
119 78 37
83 56 39
108 56 39
99 92 28
55 15 5
27 108 3
29 3 33
116 109 45
80 21 17
24 1 3
91 21 17
22 10 27
68 81 44
22 92 27
74 73 22
92 4 3
105 49 16
38 24 0
27 24 22
27 92 0
116 9 44
55 100 5
118 24 5
76 106 35
3 1 3
76 38 3
129 89 18
3 82 22
99 103 26
100 50 9
6 21 17
125 91 9
49 98 22
75 117 33
20 76 28
120 83 14
61 8 28
9 24 28
7 19 44
3 95 17
56 76 3
65 0 44
10 42 26
59 38 28
52 35 8
46 49 16
104 16 8
101 74 5
35 105 33
75 76 39
30 89 5
83 26 26
29 44 3
75 56 45
67 0 44
109 116 35
94 35 26
103 109 39
11 106 26
76 97 22
14 81 44
117 108 16
10 25 28
24 56 39
112 89 16
74 129 35
61 125 36
66 29 3
27 8 28
76 110 5
6 120 21
30 60 39
38 76 28
100 131 14
74 109 3
27 21 17
58 119 26
104 92 8
89 73 26
24 98 28
15 37 44
22 68 27
63 56 16
98 55 37
50 25 27
10 38 45
28 74 11
46 88 15
5 2 35
27 35 35
118 109 5
41 44 8
100 124 26
91 83 14
105 45 18
22 61 10
131 21 17
36 91 7
74 56 3
9 109 28
76 91 3
36 51 44
44 21 17
24 92 28
63 129 15
119 130 44
64 90 35
24 49 44
75 44 39
68 66 39
22 96 27
38 78 3
7 37 44
63 92 16
54 128 23
61 92 3
24 108 34
33 24 4
103 24 39
22 109 27
49 8 22
20 108 45
42 103 26
22 25 6
62 111 26
24 18 11
22 67 27
90 60 28
66 25 3
125 78 9
94 64 33
101 29 5
74 111 36
66 108 3
38 125 36
25 44 28
1 60 3
108 107 18
129 8 18
108 3 28
32 89 18
33 38 19
30 32 33
38 97 28
46 92 16
109 61 34
99 26 26
11 35 26
56 132 18
74 120 3
78 66 28
18 21 17
120 10 6
102 81 44
24 78 3
9 134 32
76 29 3
49 74 28
64 132 18
38 82 22
45 132 26
10 24 45
96 116 26
128 73 18
22 20 43
94 24 28
74 109 11
109 21 17
61 89 18
128 45 18
90 27 28
38 60 28
26 49 28
105 130 18
103 44 33
120 13 6
53 49 28
30 56 39
29 24 3
70 51 44
116 32 33
69 27 27
116 24 28
12 18 5
44 73 28
104 91 23
13 24 45
24 3 3
127 95 17
56 81 44
48 101 16
98 119 26
44 56 3
99 3 28
58 87 26
107 35 16
2 95 17
44 98 28
52 27 8
53 0 44
30 134 32
52 76 21
27 60 28
71 110 5
22 27 6
116 40 39
24 38 28
76 130 28
22 38 10
56 92 28
63 32 16
3 84 28
63 91 16
22 109 5
66 51 44
90 31 26
25 66 22
84 95 17
99 106 26
76 130 22
62 133 9
59 29 45
103 74 45
105 8 18
50 109 27
116 66 39
100 21 12
60 76 3
110 25 3
41 66 8
82 78 37
64 54 16
124 120 9
121 131 35
3 103 35
74 60 22
76 18 34
65 61 45
64 103 35
88 13 40
96 74 45
40 18 22
32 68 35
3 21 17
124 95 17
68 66 28
86 76 45
38 18 0
64 26 35
60 89 22
108 66 3
74 66 28
44 92 0
20 31 26
83 92 28
14 28 4
25 60 22
113 116 16
91 61 4
1 108 3
45 8 26
46 80 18
108 80 18
32 88 15
69 30 27
109 38 39
38 27 3
60 109 3
75 44 28
18 98 22
125 70 9
133 29 5
99 74 28
88 74 45
128 88 35
61 18 11
24 87 28
26 27 28
109 38 34
132 76 45
115 74 5
130 81 44
38 45 22
76 123 28
115 109 21
106 66 39
26 24 39
79 18 28
40 80 28
68 108 39
29 3 3
50 18 5
109 18 1
64 29 16
60 80 22
69 85 27
7 47 44
46 76 16
2 48 28
12 40 28
115 61 11
116 92 33
13 90 26
31 24 45
69 77 27
56 60 28
76 100 36
78 74 11
82 123 26
56 84 18
38 130 22
94 74 28
49 123 28
82 73 44
67 109 45
76 55 3
112 123 18
52 66 8
109 89 22
15 78 37
27 49 3
94 32 33
26 95 17
122 61 45
40 27 22
3 108 3
108 113 18
74 25 22
76 24 28
74 25 3
109 108 34
56 95 17
40 108 3
69 66 28
38 87 28
40 109 3
18 84 28
62 55 37
30 129 33
94 31 26
112 87 18
103 40 33
38 87 22
124 55 37
92 123 22
66 76 22
42 95 17
58 0 44
63 108 16
46 112 44
18 110 5
35 60 33
116 128 33
58 103 16
124 62 26
25 40 22
58 73 26
75 74 28
88 38 45
24 60 11
55 74 5
38 60 22
62 131 14
109 89 28
53 9 44
107 82 26
63 109 16
13 61 45
120 13 27
52 115 44
15 134 35
29 110 5
23 38 3
112 73 18
18 58 28
38 49 22
12 109 28
13 122 44
46 79 35
97 21 17
46 89 18
43 44 28
100 95 12
67 53 26
24 61 39
71 21 17
33 74 45
86 95 17
26 66 33
89 119 26
108 95 17
83 24 19
32 106 35
87 84 44
125 21 17
53 38 28
74 3 28
117 44 16
113 73 26
56 27 28
129 61 16
131 81 44
28 76 21
127 133 16
106 24 45
115 56 11
10 76 45
101 51 44
82 0 44
18 103 35
109 74 28
44 60 28
107 76 45
133 76 5
10 0 44
26 0 44
43 21 17
127 70 16
106 56 45
46 35 35
106 21 17
28 115 44
22 90 6
18 38 1
76 45 28
91 74 28
59 40 28
103 27 39
89 95 17
66 55 3
18 116 35
64 95 17
66 74 22
89 103 16
74 108 34
108 92 28
60 73 28
24 89 22
40 44 22
92 38 28
99 25 28
60 25 28
76 30 35
18 123 22
94 129 33
10 81 44
66 44 3
68 60 39
76 82 28
13 35 26
60 58 22
107 74 45
124 36 9
22 26 27
92 56 3
68 134 32
61 44 28
120 10 27
109 18 0
66 24 28
109 76 0
121 69 16
62 37 44
24 74 39
60 82 22
74 55 3
50 99 27
79 103 26
120 40 28
53 75 26
56 3 28
109 38 3
24 84 22
122 108 45
1 18 3
108 123 28
32 90 35
18 66 11
30 0 44
46 130 18
8 84 26
35 109 28
50 26 27
55 18 5
40 87 22
92 3 3
23 109 3
60 132 22
91 108 5
128 106 35
76 73 22
84 21 17
90 68 26
76 56 34
15 38 5
48 91 13
18 109 11
25 24 28
109 27 11
71 125 5
115 76 5
1 76 3
41 60 3
24 27 22
66 27 28
31 0 44
32 74 16
40 88 35
103 74 39
52 3 24
20 49 28
9 0 44
60 27 0
130 78 37
76 124 36
18 97 28
115 66 21
56 108 39
92 76 22
32 43 35
25 18 28
103 21 17
110 80 38
80 119 26
49 29 3
42 24 28
83 76 4
66 60 28
40 98 22
89 18 45
24 66 11
101 61 5
66 92 3
52 61 11
134 21 17
30 3 28
79 38 45
64 116 35
92 44 0
92 66 3
3 66 3
109 124 36
83 61 4
38 30 35
109 125 36
66 80 22
92 84 22
74 92 3
121 69 13
75 9 44
106 40 33
62 134 35
3 119 22
133 38 5
76 24 3
30 44 28
2 111 28
120 74 5
27 98 28
44 95 17
108 97 18
79 53 26
125 14 14
92 73 22
52 108 11
53 60 28
112 132 18
121 22 13
110 98 38
116 92 39
109 80 22
21 81 44
27 74 3
18 73 28
50 88 27
68 49 39
56 61 3
44 132 28
92 49 44
116 29 45
97 81 44
60 4 3
22 43 43
124 65 14
14 0 44
61 119 18
59 92 28
133 61 5
67 9 44
109 76 22
133 18 5
79 61 45
94 61 4
22 77 27
48 22 16
30 40 33
40 38 22
114 128 23
53 94 26
69 24 27
75 64 33
27 92 28
74 29 11
66 77 36
89 8 26
66 84 28
94 3 39
52 26 8
3 49 3
40 27 0
49 44 3
62 22 9
18 61 39
13 38 45
92 21 17
41 27 3
99 40 28
18 27 11
65 18 45
130 97 26
30 61 45
106 24 28
24 1 44
66 44 22
22 106 27
103 61 45
38 24 22
29 61 39
109 38 22
76 68 35
22 9 43
44 51 44
61 38 3
50 18 27
10 68 26
40 132 28
74 38 22
103 109 45
40 60 0
67 38 28
94 106 26
58 81 44
3 60 0
98 95 17
83 109 10
40 24 22
132 130 26
55 125 5
75 9 26
104 60 8
120 134 14
15 124 26
124 86 14
41 45 38
33 0 44
100 71 37
50 13 27
32 26 35
88 29 45
13 49 28
128 27 16
60 38 28
75 27 28
96 68 26
62 126 35
40 18 3
38 89 22
111 21 17
59 74 28
74 27 22
40 76 22
124 131 35
74 35 35
60 61 3
66 92 22
38 18 34
96 76 28
120 18 5
50 96 27
103 60 28
95 21 44
109 82 28
30 60 33
103 29 39
85 109 45
108 56 3
61 4 3
46 11 35
61 0 44
100 37 44
22 18 28
92 74 22
26 76 45
24 40 11
100 71 9
53 74 28
88 0 44
59 27 28
109 18 11
41 40 11
66 87 22
79 81 44
24 55 3
49 76 3
76 38 11
105 123 18
111 22 9
133 56 5
25 38 22
27 87 28
13 79 26
109 12 3
67 60 28
31 122 44
46 3 28
62 65 14
134 24 45
40 44 0
35 128 33
58 24 45
67 134 32
35 25 28
46 117 18
12 109 5
117 27 16
109 84 28
108 38 11
120 60 28
90 44 28
44 130 28
59 134 32
111 14 35
52 88 8
123 73 44
94 92 28
86 21 17
85 10 26
129 87 18
133 95 7
29 111 36
70 24 5
115 49 21
42 109 28
33 29 19
30 24 45
18 38 22
49 30 35
116 76 39
110 132 38
66 82 22
108 132 28
27 76 3
83 117 33
48 70 13
4 49 3
57 76 5
92 3 28
32 76 16
44 68 35
92 77 36
107 30 16
25 66 28
15 131 35
66 109 22
15 65 14
35 44 33
94 74 45
113 89 26
63 74 16
46 108 16
38 80 22
120 65 14
63 24 16
31 95 17
28 40 11
62 2 14
90 38 45
48 101 13
35 66 39
53 92 28
116 75 26
24 92 11
48 126 35
60 66 28
92 58 22
26 44 33
66 113 28
71 124 5
40 49 3
40 60 28
106 117 33
52 95 17
1 51 44
39 21 17
62 81 44
3 45 28
26 30 26
18 29 36
15 134 14
115 66 11
52 29 11
103 35 26
22 40 6
66 95 17
11 0 44
108 73 28
88 67 40
12 95 7
74 58 28
130 73 26
22 85 27
74 80 28
53 30 26
96 35 26
22 29 10
53 109 45
66 84 22
109 100 36
3 25 44
60 74 3
54 114 23
101 95 17
65 108 45
18 24 34
61 107 16
109 24 0
43 83 26
35 95 17
31 76 28
23 60 3
128 3 16
106 30 26
94 29 45
13 0 44
27 25 22
69 3 27
120 116 27
67 30 26
125 120 9
22 108 5
120 26 6
24 41 5
128 26 35
22 35 43
90 96 26
48 133 16
30 40 28
62 91 9
11 74 45
43 75 26
38 109 11
89 81 44
68 66 33
109 130 22
134 95 17
27 3 0
108 82 28
52 24 21
27 89 22
94 38 45
96 30 26
103 40 28
61 38 11
120 70 44
32 60 28
35 60 39
35 18 28
105 92 16
45 26 16
68 40 33
46 84 18
32 130 18
60 1 44
38 27 11
74 51 44
121 101 13
9 18 28
18 25 3
12 108 5
68 29 45
111 91 9
129 60 16
32 103 35
129 88 42
42 29 45
132 109 45
109 87 28
9 38 45
109 60 11
66 44 34
27 38 3
63 37 44
76 49 22
14 76 4
60 3 22
61 56 39
43 3 28
109 74 11
129 106 35
8 123 26
120 30 43
52 67 8
74 45 28
94 38 10
116 44 33
75 3 33
40 73 22
38 44 11
71 111 5
64 120 16
62 65 35
105 81 44
76 56 39
18 66 22
88 61 45
15 76 5
44 119 22
56 41 5
24 27 3
38 29 3
66 71 3
22 85 6
38 92 11
14 76 19
3 18 3
61 3 28
46 24 16
44 58 22
19 81 44
24 119 22
58 38 45
109 113 22
43 95 17
117 56 16
30 18 24
91 38 4
120 49 27
22 40 27
73 21 17
106 27 39
129 117 42
46 30 35
85 116 26
74 76 11
6 22 21
85 9 44
18 58 22
18 74 1
31 109 45
10 44 28
24 38 22
129 58 18
100 24 10
128 58 18
38 123 22
125 12 9
115 81 44
26 24 45
90 21 17
40 76 28
108 27 11
28 76 10
31 9 44
108 112 44
117 87 18
94 76 39
27 66 28
99 9 44
100 109 10
76 40 11
68 49 28
100 78 37
11 61 45
30 9 26
38 1 44
23 21 17
70 95 17
24 76 1
18 45 28
88 76 45
76 27 3
92 38 3
68 27 33
107 95 17
75 40 33
52 109 24
76 15 36
109 27 3
18 55 3
99 24 45
64 89 18
105 88 15
61 87 18
76 24 11
78 110 5
54 92 16
64 63 16
94 108 45
8 73 26
12 27 28
106 0 44
49 24 28
85 61 45
129 30 35
15 33 14
109 18 39
73 78 37
83 74 39
53 24 45
103 24 28
92 41 28
128 30 35
96 25 28
18 40 28
107 119 26
49 25 3
75 60 28
88 108 45
27 1 3
63 88 15
13 99 26
30 44 33
64 87 18
40 82 28
53 95 17
74 71 3
29 128 33
61 108 39
26 18 28
18 60 28
62 12 9
115 27 21
61 49 3
44 88 35
85 20 26
27 73 22
32 44 16
44 74 3
103 89 5
120 53 27
22 10 6
90 116 26
28 24 10
69 75 27
120 42 43
26 134 32
116 18 45
18 29 34
18 1 3
64 30 35
28 38 11
66 97 22
66 92 34
53 25 28
49 87 22
127 120 13
134 0 44
56 38 11
73 80 26
3 32 35
17 81 44
41 110 44
106 134 32
2 127 28
38 29 39
30 95 17
46 58 16
29 95 17
64 13 35
113 95 17
2 124 28
109 82 22
53 106 26
46 8 18
74 38 0
29 24 39
25 49 3
42 18 28
24 29 3
27 84 28
76 62 36
26 108 39
125 14 35
85 27 28
3 49 44
100 86 14
91 38 39
96 40 28
49 107 22
91 14 14
24 106 35
26 81 44
94 75 26
79 27 28
61 84 28
38 3 28
62 71 37
116 60 39
91 70 44
25 40 3
120 18 27
120 38 27
114 95 17
92 3 0
111 57 9
91 61 5
106 74 39
56 18 11
10 3 28
88 122 44
43 76 28
12 51 44
75 74 45
40 125 35
61 80 28
61 80 18
117 89 16
129 56 16
124 71 9
114 37 44
50 43 27
63 76 16
109 73 22
27 60 0
91 38 28
23 56 3
92 89 22
4 92 3
111 70 9
52 24 5
38 24 3
23 27 3
28 109 5
50 104 27
18 130 22
56 73 18
109 35 35
92 25 22
66 35 35
43 134 32
74 29 3
40 107 22
69 103 27
4 76 3
44 27 3
27 98 22
98 0 44
26 3 28
117 40 16
41 38 3
40 68 35
83 56 45
108 45 18
108 40 11
49 97 28
41 74 3
83 27 39
53 18 45
110 66 3
40 25 3
18 130 28
106 31 26
40 61 3
52 44 24
14 21 17
24 109 1
64 132 16
80 78 37
38 41 5
52 31 8
120 94 43
63 40 16
91 40 28
44 116 35
31 40 28
27 95 17
90 61 45
66 25 44
48 70 16
76 103 35
76 109 39
120 92 28
58 97 26
24 109 28
66 24 3
94 3 33
96 38 28
18 29 3
27 123 22
129 29 16
69 95 17
96 92 28
45 35 16
124 70 9
5 121 44
18 95 17
127 91 13
116 46 33
106 60 39
58 84 26
78 93 44
106 32 33
109 95 17
29 105 33
117 88 15
77 95 17
42 31 26
127 50 13
64 129 29
69 13 27
92 60 28
92 18 28
115 38 21
10 75 26
76 60 22
60 8 22
5 21 17
129 11 35
109 107 22
44 109 28
120 96 43
120 27 28
29 109 3
94 109 39
28 66 21
75 76 45
116 109 39
75 81 44
22 24 10
83 44 39
69 95 7
91 92 39
76 120 3
22 70 44
83 60 33
103 0 44
64 119 18
103 95 17
3 27 28
74 89 28
86 65 44
18 61 3
88 43 40
40 60 22
107 18 45
116 24 45
38 110 5
103 30 26
116 60 33
68 24 39
3 29 3
92 98 28
56 40 3
60 51 44
49 38 22
10 30 26
100 95 17
56 74 3
35 108 45
83 66 39
9 108 45
104 19 8
41 29 3
69 109 5
110 73 38
35 129 33
130 82 26
127 2 35
44 29 3
50 29 5
94 49 39
106 95 17
83 40 39
53 40 28
106 44 33
56 8 18
38 66 22
120 9 6
103 99 44
10 49 28
129 90 35
103 31 26
25 66 3
30 46 33
83 129 33
97 87 26
54 95 17
109 15 36
106 74 28
26 40 28
38 80 28
52 60 21
27 80 22
39 72 44
76 74 1
108 27 28
129 82 18
44 74 22
58 76 45
61 62 36
22 43 6
74 18 39
109 18 25
118 18 5
64 129 41
75 92 33
1 44 3
28 109 11
41 82 38
49 4 3
56 107 16
79 18 45
6 50 21
127 12 13
11 76 28
3 24 3
33 14 44
40 95 17
56 74 11
42 40 28
106 18 45
79 85 44
113 106 16
109 58 28
52 3 8
18 44 22
55 78 28
20 68 26
14 109 19
124 93 9
106 75 26
24 25 3
129 24 16
24 49 22
56 76 16
2 100 28
76 24 5
61 108 3
42 81 44
109 25 44
110 60 8
110 49 3
20 30 26
54 108 16
120 49 28
124 81 44
116 81 44
90 74 28
109 18 5
3 109 22
29 64 33
107 116 16
24 29 11
27 110 28
31 74 28
108 92 11
114 72 44
49 68 35
61 107 28
18 74 22
90 0 44
83 44 28
34 37 44
44 61 3
60 18 22
10 20 26
104 21 17
22 29 5
69 74 5
106 76 28
52 53 8
83 3 33
44 41 28
22 79 6
68 3 33
18 8 28
56 109 11
118 38 5
63 81 44
25 3 3
49 21 17
28 29 10
89 68 16
49 116 35
50 76 5
2 21 17
26 9 26
18 76 3
50 20 27
110 74 3
132 30 16
64 88 15
43 29 45
38 29 11
129 45 18
22 74 6
45 97 26
52 49 24
22 24 6
85 76 45
105 66 16
53 109 28
40 74 28
14 38 45
38 25 22
83 94 26
20 3 28
50 90 27
89 97 26
108 74 16
31 49 28
43 85 44
61 74 11
64 81 44
58 130 26
113 35 16
125 81 44
120 43 6
25 74 28
53 18 28
90 26 26
91 18 4
69 9 27
38 89 28
40 66 22
128 119 18
42 108 45
79 38 28
109 3 3
46 58 18
21 37 44
56 55 3
61 18 16
10 92 28
106 56 39
69 49 27
27 130 28
74 18 22
5 50 16
82 95 17
29 66 3
3 66 22
14 109 4
1 92 3
61 3 11
22 31 43
3 107 28
75 3 39
46 109 16
63 120 16
69 21 7
12 93 44
6 37 44
44 27 22
3 130 22
40 3 34
32 27 28
123 84 44
46 67 35
24 123 28
44 130 22
18 76 11
105 97 18
73 98 26
38 88 35
63 18 16
60 76 28
79 122 44
83 109 39
22 92 28
50 106 27
22 30 6
49 74 22
108 44 28
4 60 3
28 92 11
76 24 39
11 18 28
61 24 16
60 92 22
3 98 28
30 92 39
55 24 5
20 38 28
52 11 8
94 109 28
24 73 22
76 78 3
8 98 26
61 132 28
32 113 18
22 106 6
129 73 18
41 27 8
30 128 33
49 3 22
70 29 5
94 109 4
110 81 44
66 123 28
69 24 5
58 82 26
55 76 5
35 0 44
88 11 40
78 21 17
97 0 44
1 27 3
49 98 28
66 109 28
32 66 28
85 74 28
76 18 28
120 68 6
47 81 44
74 26 35
77 72 44
69 50 44
60 130 28
15 126 14
85 67 26
3 45 22
38 27 22
56 66 3
89 76 45
35 49 39
134 38 45
127 21 17
108 58 18
108 24 3
65 56 45
91 18 28
69 66 27
24 107 28
89 58 26
43 0 44
40 132 22
76 66 11
3 44 3
3 38 3
61 41 5
107 87 26
50 116 27
64 40 16
92 103 35
49 18 28
128 0 44
37 95 17
60 92 0
33 76 4
101 108 5
26 56 45
96 29 45
79 24 28
128 116 35
22 75 27
109 24 3
3 40 22
110 1 3
77 66 3
46 116 35
15 74 5
96 27 28
77 37 44
67 18 45
61 123 28
35 46 33
109 18 3
42 75 26
79 67 26
3 30 35
116 25 28
120 43 43
109 92 3
30 76 28
94 24 4
76 41 5
52 49 21
120 66 27
3 123 28
46 92 28
110 44 11
26 25 28
120 60 27
25 27 3
44 40 22
76 82 22
74 38 39
54 120 16
64 24 16
100 70 9
60 25 22
38 68 35
74 38 34
35 40 28
45 106 16
103 49 39
117 38 16
115 95 17
129 63 16
46 95 17
3 27 0
56 24 3
64 89 16
43 56 45
96 24 45
120 110 27
50 27 27
14 38 4
63 64 15
67 29 45
75 18 28
24 113 28
117 29 16
123 95 17
109 55 3
74 3 22
110 87 38
27 45 22
52 96 8
130 87 26
79 108 45
22 13 27
71 78 44
120 3 27
35 18 39
117 26 35
76 29 39
78 71 28
20 0 44
45 113 44
52 49 11
61 45 18
25 109 22
19 21 17
54 60 16
56 92 11
60 113 28
108 124 36
124 12 9
132 0 44
20 122 44
68 21 17
38 76 11
103 29 45
89 130 26
32 80 18
103 38 28
79 25 28
40 76 3
18 107 28
50 76 27
71 51 44
100 93 9
107 68 16
1 21 17
96 43 44
76 60 3
45 82 26
121 91 13
105 129 30
42 116 26
108 22 3
25 56 3
56 60 3
108 38 16
77 60 23
35 109 45
76 123 22
1 23 3
22 116 27
109 61 39
117 67 35
75 24 39
56 98 18
120 11 6
103 18 28
106 24 39
82 98 26
105 60 16
22 99 27
18 40 11
129 74 16
60 98 22
130 0 44
54 66 16
29 125 36
43 20 26
44 92 3
11 43 44
40 3 22
24 22 3
64 91 16
122 81 44
4 3 3
33 38 4
27 58 22
124 33 14
27 119 22
14 74 19
52 18 21
59 74 45
32 82 18
4 61 3
11 30 26
18 74 3
68 89 5
76 23 3
61 112 44
108 73 18
100 111 26
71 66 3
29 51 44
109 110 5
75 40 28
40 123 28
49 97 22
38 49 28
46 68 35
1 49 3
99 116 26
34 95 17
25 40 28
134 109 45
121 2 35
52 40 24
108 111 36
67 61 45
27 4 3
60 77 36
132 74 45
92 76 28
125 131 14
17 21 17
59 0 44
40 97 28
74 38 11
42 24 45
39 66 3
28 44 11
78 62 5
103 66 33
66 40 1
42 27 28
66 1 44
120 18 10
67 75 26
111 120 9
71 78 28
61 58 28
25 4 3
79 74 28
69 70 44
54 64 29
38 73 22
44 8 28
117 103 35
68 3 28
108 62 36
120 68 27
91 94 14
120 76 27
42 109 45
87 81 44
94 24 10
69 44 27
28 38 21
27 80 28
83 105 33
69 38 5
83 109 45
33 18 4
109 24 5
38 92 3
83 106 26
108 44 11
3 35 35
31 109 28
38 27 28
52 94 8
53 3 28
92 132 28
29 40 3
31 92 28
40 3 3
109 66 22
50 103 27
120 104 27
107 21 17
24 56 34
108 0 44
6 91 21
104 72 44
61 27 28
128 61 16
30 74 45
3 87 28
27 8 22
48 120 16
112 80 18
40 77 23
103 9 44
109 8 22
90 49 28
107 84 44
27 132 28
4 25 3
109 111 36
76 12 3
61 109 3
11 10 26
76 113 28
5 81 44
14 108 4
106 40 28
38 107 22
50 68 27
18 24 39
24 97 28
18 89 28
92 107 28
28 24 21
108 8 28
38 109 3
77 81 44
46 43 35
46 0 44
129 108 16
15 120 9
27 56 3
41 76 3
28 61 11
101 93 44
83 32 33
92 44 44
26 99 44
97 95 17
43 96 26
44 3 3
60 18 28
62 33 14
53 81 44
40 25 22
109 84 22
49 130 28
127 120 16
60 49 44
74 88 35
74 76 39
22 11 27
78 51 44
116 108 39
12 18 28
107 106 16
43 24 28
32 112 44
111 12 9
22 30 43
38 91 3
78 17 5
69 31 27
76 25 44
56 110 5
132 18 45
28 76 5
43 103 26
67 108 45
76 66 28
117 0 44
83 38 39
79 109 28
76 84 22
31 24 28
60 49 28
105 132 16
15 12 9
32 96 35
68 18 39
79 109 45
120 62 28
109 87 22
74 56 39
49 26 35
74 3 3
22 38 5
97 55 37
120 21 7
106 109 28
56 80 18
116 3 33
49 88 35
44 98 22
31 99 44
53 21 17
117 3 16
53 66 28
108 98 28
90 43 44
38 22 3
99 108 45
26 75 26
90 122 44
74 76 34
13 3 28
35 29 39
129 98 18
61 89 28
110 3 8
40 3 28
68 92 33
3 24 28
12 3 28
98 81 44
46 45 18
23 95 17
90 109 28
22 109 28
64 108 16
3 76 3
28 108 10
13 9 44
117 82 18
52 13 8
44 1 44
30 92 28
44 45 28
46 27 28
17 111 38
109 49 44
76 8 28
123 21 17
46 3 13
24 68 35
76 92 28
83 21 17
79 94 26
85 44 28
38 84 22
35 99 44
88 24 45
83 103 26
33 65 44
129 107 18
89 123 26
18 24 0
103 122 44
49 103 35
45 21 17
109 41 5
125 22 9
130 98 26
6 71 21
110 76 3
50 86 14
40 30 35
18 74 28
52 120 3
55 124 5
52 10 8
123 71 37
101 76 5
66 49 44
96 109 45
38 98 28
56 74 16
38 103 35
68 122 44
3 92 0
13 24 28
66 49 22
79 9 26
6 69 21
66 123 22
5 91 13
15 24 5
22 76 28
110 82 38
66 25 28
3 1 44
2 5 28
44 24 22
118 66 3
7 81 44
100 65 35
29 76 3
92 119 22
76 74 28
133 95 17
78 21 5
24 66 3
100 38 10
18 29 11
60 40 36
67 49 28
118 21 17
20 42 26
10 40 28
22 27 28
50 95 17
85 13 26
105 112 44
120 44 27
112 98 18
49 60 22
108 49 3
124 125 26
31 81 44
63 19 44
74 40 28
43 11 26
129 96 35
109 113 28
116 38 39
107 38 45
35 76 28
12 49 28
11 108 45
22 116 6
108 119 28
1 3 3
111 101 9
24 80 28
15 93 9
32 123 18
106 128 33
50 41 27
59 108 45
44 123 22
117 128 44
80 0 44
27 76 22
53 134 32
124 133 9
33 61 4
68 75 26
103 76 39
6 133 21
61 25 3
53 83 26
120 24 10
121 95 17
76 18 3
74 40 11
44 80 28
50 21 7
56 108 3
83 35 26
58 98 26
131 95 17
18 38 28
60 30 35
25 24 22
24 116 35
15 56 5
79 56 45
22 9 6
92 113 22
44 132 22
83 3 39
67 99 26
76 24 0
27 109 22
69 18 5
5 131 35
83 66 33
106 92 39
15 91 9
32 97 18
7 21 17
68 30 26
40 89 28
52 38 11
11 3 28
116 29 39
40 107 28
94 29 39
28 56 11
125 37 44
110 24 3
74 22 3
68 0 44
76 1 3
92 88 35
44 24 28
28 74 5
74 18 1
27 26 35
110 45 38
3 89 22
27 87 22
44 24 3
108 60 3
45 87 26
71 41 5
110 60 3
108 18 16
26 108 45
83 27 28
108 100 36
120 41 27
128 79 35
120 96 27
115 21 17
33 134 15
14 18 45
48 21 17
22 56 5
109 58 22
112 89 18
103 134 32
53 29 45
25 76 22
116 61 45
96 20 26
128 66 16
61 15 36
100 133 9
13 40 28
18 38 36
43 92 28
32 89 16
38 97 22
79 42 26
22 108 10
117 13 35
1 25 3
75 44 33
18 3 22
85 81 44
17 95 17
67 85 44
30 76 24
49 82 28
29 56 3
75 56 39
74 18 3
49 107 28
33 21 17
60 87 28
44 74 28
40 110 28
42 0 44
91 40 39
48 120 13
69 90 27
22 24 28
22 49 27
38 24 5
11 75 26
128 38 16
74 109 44
66 89 28
103 18 45
52 56 5
94 105 33
92 24 22
75 66 28
9 122 44
115 76 21
60 24 22
91 56 4
61 100 36
50 108 5
94 92 39
49 66 3
57 108 5
10 60 28
88 90 40
45 84 26
10 9 44
3 8 28
9 24 45
28 37 44
29 124 36
18 108 34
11 24 45
40 60 34
132 98 26
103 108 39
99 31 26
10 31 26
78 41 5
40 38 28
94 76 19
61 23 3
22 18 5
27 30 35
83 24 4
56 45 28
24 18 0
116 108 45
105 58 18
61 38 16
44 4 3
100 55 9
74 119 22
48 133 13
50 109 5
20 109 45
44 87 22
41 3 8
83 38 10
46 132 18
122 95 17
52 27 24
66 27 34
109 92 22
74 38 1
128 43 35
11 21 17
92 66 22
118 74 5
132 38 45
92 49 28
18 80 28
78 100 5
106 27 28
42 99 44
13 134 32
64 129 42
61 44 3
40 27 3
76 108 3
43 109 28
31 66 28
61 107 18
54 66 3
1 29 3
12 76 5
50 56 5
52 74 24
115 24 11
122 56 45
27 18 22
94 18 45
94 18 28
28 29 5
60 3 0
31 21 17
69 109 27
117 123 18
11 27 28
109 76 34
115 74 21
13 18 45
68 60 28
61 109 16
61 82 28
27 76 28
35 21 17
3 84 22
13 25 28
117 43 35
52 3 11
83 61 45
3 110 28
64 84 18
16 72 44
77 21 17
44 30 35
94 40 39
107 89 26
96 75 26
108 24 16
35 9 26
127 37 44
123 119 26
57 51 44
107 26 16
118 81 44
108 45 28
2 15 28
15 109 5
91 29 4
83 9 26
19 72 44
24 27 11
88 109 45
64 58 18
129 119 18
79 0 44
59 122 44
14 56 45
92 106 35
81 95 17
45 80 26
25 74 3
76 8 22
3 44 44
38 113 28
38 113 22
79 30 26
83 60 28
32 10 35
25 44 3
120 86 14
129 10 35
60 74 28
20 26 26
120 43 27
26 122 44
69 53 27
24 38 3
18 68 35
78 95 17
60 87 22
49 58 28
64 45 18
64 76 16
110 27 8
61 110 5
72 95 17
27 24 28
17 15 38
41 21 17
24 130 22
24 74 3
9 66 28
38 107 28
61 1 3
60 80 28
116 18 39
104 63 8
40 113 22
109 38 5
18 3 3
56 113 28
100 74 10
30 9 44
90 95 17
36 120 7
40 23 3
66 92 0
94 44 33
46 103 35
4 24 3
91 76 39
91 29 5
11 116 26
50 51 44
120 116 6
64 88 40
90 103 26
49 1 3
3 60 28
35 74 28
66 78 28
76 92 22
69 51 44
64 113 18
128 56 16
56 132 16
88 95 17
35 76 45
128 10 35
18 119 22
76 24 1
69 110 27
44 49 22
25 29 3
109 76 5
66 18 28
86 29 45
76 25 28
44 89 22
83 18 4
49 40 22
18 27 3
125 93 9
129 113 18
38 23 3
40 103 35
87 0 44
110 107 38
53 26 26
108 80 28
32 58 16
120 75 27
59 56 45
30 18 28
31 60 28
60 44 0
116 109 28
15 61 5
92 40 22
111 65 14
18 40 22
99 83 26
96 18 45
125 33 35
54 21 17
123 84 26
65 95 17
29 56 39
3 132 22
49 66 28
71 95 5
120 116 43
109 120 3
4 66 3
83 46 33
23 40 3
111 86 14
106 3 28
74 23 3
76 116 35
15 71 37
25 49 28
52 27 21
98 84 26
18 15 36
94 99 44
79 35 26
25 44 22
75 61 45
128 80 18
120 13 43
33 56 45
43 109 45
121 12 13
22 3 28
41 49 3
108 60 28
120 79 27
56 89 16
92 119 28
30 18 45
24 58 28
83 74 10
67 44 28
110 8 38
76 49 3
132 82 26
22 13 43
32 107 18
97 123 26
71 66 11
66 3 0
47 37 44
45 58 26
128 89 18
52 76 24
61 60 28
28 66 11
38 74 11
22 9 27
18 3 28
3 92 28
40 92 3
70 95 7
90 25 28
66 97 28
10 94 26
60 97 28
41 27 11
35 66 33
108 3 11
68 92 28
76 74 39
90 40 28
76 35 35
44 92 22
108 89 16
35 32 33
35 3 33
85 40 28
115 76 11
18 109 1
22 53 43
30 3 33
40 119 28
83 74 19
69 96 27
30 26 44
74 66 3
9 21 17
61 60 3
111 69 9
28 27 21
90 10 26
99 94 26
109 29 36
106 38 45
12 44 28
24 109 39
117 92 16
108 76 11
74 1 3
110 92 11
129 132 18
24 18 22
33 18 19
71 95 17
24 45 22
22 26 43
39 95 17
61 27 11
49 132 22
85 95 17
40 24 28
60 1 3
55 29 5
22 20 27
20 61 45
103 117 33
13 106 26
24 18 39
52 109 11
31 56 45
27 88 35
42 21 17
23 76 3
50 67 27
115 38 5
86 74 45
120 99 27
115 110 21
40 66 0
22 53 27
46 56 16
92 25 44
90 74 45
116 99 44
134 18 45
112 21 17
50 53 27
74 92 22
33 24 19
52 42 8
26 60 28
27 74 22
52 29 5
61 45 28
109 40 11
104 66 3
44 76 3
66 60 34
119 21 17
13 43 44
74 18 11
74 1 44
92 132 22
75 74 39
29 108 3
66 58 28
108 89 28
76 60 11
124 69 9
79 96 26
75 60 39
68 31 26
91 49 39
45 98 26
74 92 11
73 123 26
90 134 32
66 44 44
116 3 39
94 0 44
44 84 22
22 68 6
43 106 26
69 76 5
41 66 11
90 24 45
53 31 26
44 84 28
32 0 44
116 122 44
38 24 1
50 60 27
26 129 33
60 123 28
8 76 45
32 30 35
68 103 26
83 42 26
3 18 28
117 88 35
106 9 26
49 130 22
48 12 13
15 133 9
88 10 40
109 76 11
40 21 17
22 76 6
129 107 16
18 49 22
76 97 28
38 132 28
79 106 26
83 44 33
26 109 28
91 18 5
3 74 22
128 130 18
92 44 3
67 122 44
76 26 35
11 109 45
25 18 22
1 38 3
52 44 21
90 20 26
14 38 19
55 21 17
105 27 16
109 123 22
56 132 28
94 38 4
41 44 11
52 106 8
29 46 33
92 74 3
52 92 21
96 38 45
28 56 10
117 74 16
109 18 22
74 109 36
48 50 16
24 109 36
125 126 14
132 119 26
86 56 45
96 42 26
127 69 16
6 95 17
26 44 39
69 60 27
76 89 28
66 27 3
108 119 18
120 91 0
32 45 18
66 125 35
76 113 22
