1592
3 11 14
0 5 26
6 5 13
10 12 53
11 12 35
10 11 31
5 4 44
1 4 24
11 0 36
10 3 40
6 12 15
2 9 31
6 13 43
11 5 26
13 5 15
11 8 21
9 2 15
5 3 40
3 11 8
5 13 30
0 5 20
8 11 44
8 11 32
4 11 13
5 3 50
11 2 46
0 1 33
1 11 35
5 10 42
11 3 44
4 8 21
3 9 15
5 4 34
13 10 40
13 0 43
0 8 40
10 2 40
7 11 31
11 5 32
0 11 49
8 11 50
9 1 15
9 1 8
13 3 40
4 2 15
2 10 43
1 5 4
8 10 40
6 5 0
0 5 50
11 10 27
9 3 53
9 5 18
8 4 50
12 10 10
2 0 26
13 5 8
3 2 47
5 0 42
4 9 50
9 3 31
7 1 27
5 8 26
4 1 24
10 5 29
0 11 17
9 1 6
5 12 37
10 9 41
5 4 35
5 3 46
3 4 44
10 12 39
8 3 42
11 13 39
3 5 42
11 13 42
5 4 42
1 0 10
3 11 13
4 12 16
10 1 40
0 5 35
0 1 40
12 5 26
1 11 53
3 10 44
0 5 44
11 10 46
12 0 16
4 3 15
2 11 21
6 0 26
6 13 53
9 12 41
0 3 16
8 2 16
9 4 7
11 6 15
5 3 26
0 9 43
5 6 30
11 0 12
13 10 15
2 10 46
13 11 44
4 11 17
11 3 50
5 3 39
10 5 47
11 4 10
5 9 40
5 0 52
12 11 13
4 6 43
1 11 21
13 11 17
2 5 7
11 5 31
2 0 40
1 5 9
9 5 20
10 5 42
10 1 24
11 3 43
5 4 11
0 6 43
4 10 7
1 11 20
3 11 32
11 12 39
1 3 31
12 5 31
13 12 15
12 11 54
2 7 15
8 4 16
13 3 42
10 2 7
0 13 31
11 2 36
9 5 8
11 6 10
12 13 24
10 4 40
1 4 17
13 3 26
11 2 7
2 5 34
0 10 46
13 5 34
2 8 31
6 13 22
3 11 50
3 6 46
11 7 15
12 11 41
5 0 16
4 3 16
3 7 40
2 12 14
13 11 48
8 0 50
11 8 36
9 11 15
7 3 15
12 3 21
5 0 46
8 2 7
6 0 39
4 11 42
5 4 15
12 3 26
5 6 40
11 6 44
7 4 17
0 10 8
12 7 40
1 2 46
1 11 47
8 11 16
5 13 17
5 8 10
1 6 15
11 13 16
5 11 49
10 3 17
5 13 5
1 12 43
5 11 16
6 13 24
12 7 7
3 4 52
6 13 17
10 11 34
5 7 27
3 10 16
2 1 40
8 5 21
9 5 22
6 2 17
7 13 41
12 3 41
12 10 39
12 10 50
7 5 7
6 10 15
5 12 46
6 4 31
9 10 41
11 4 5
0 3 26
11 5 46
10 5 0
11 0 42
5 3 31
12 4 5
10 7 15
1 10 16
0 5 22
10 5 44
5 2 46
8 5 50
2 13 26
1 12 35
3 10 47
11 10 38
12 11 40
10 8 42
4 9 18
8 2 42
7 11 7
2 10 21
6 0 5
11 4 16
5 11 50
11 10 47
11 13 48
5 12 40
12 3 31
6 0 48
5 4 50
9 5 40
0 13 36
4 11 31
3 13 15
7 4 40
4 2 40
5 2 7
5 11 11
4 8 50
11 13 21
12 1 41
8 5 3
12 10 46
7 8 31
5 0 40
2 1 8
3 10 26
5 1 16
9 5 41
5 4 10
11 5 50
10 8 47
11 4 42
2 5 33
6 0 16
1 3 21
3 5 46
9 10 31
5 8 7
0 12 33
4 5 49
11 4 36
1 2 14
1 4 35
13 11 33
8 3 50
7 8 26
6 0 49
11 8 42
12 0 41
2 11 7
9 1 40
2 0 17
10 5 33
2 11 31
9 12 15
12 8 7
12 1 40
12 10 41
1 7 15
12 13 21
5 2 26
10 4 21
11 5 48
7 12 32
10 1 43
9 2 37
6 0 7
4 11 15
1 0 15
7 5 41
11 12 40
1 11 26
5 4 12
0 6 16
10 4 26
2 12 16
4 1 35
12 10 42
9 3 35
5 8 11
2 8 34
13 2 36
8 12 7
0 8 26
4 11 26
9 4 31
12 10 52
12 11 52
4 3 52
5 8 46
4 10 36
13 11 50
5 2 20
9 7 41
0 3 50
5 4 27
7 12 15
11 12 34
1 5 16
10 0 16
8 5 17
1 5 23
3 11 46
3 8 50
11 8 11
5 1 23
4 12 8
4 7 7
4 1 53
11 6 40
12 4 34
1 5 13
13 5 42
12 11 21
12 13 15
3 5 6
8 5 7
12 6 15
12 5 54
12 1 27
8 1 16
11 6 30
11 5 11
12 10 14
5 11 17
11 13 40
10 0 40
3 5 20
0 3 42
2 3 26
4 9 51
11 10 50
13 12 40
2 1 46
3 11 39
6 3 31
8 11 8
8 1 34
6 3 17
9 5 15
11 12 27
11 12 33
11 12 44
5 10 7
0 5 24
9 5 34
2 3 44
3 0 44
13 10 36
10 12 26
10 7 40
13 11 42
5 11 3
9 3 41
9 6 43
7 12 7
12 1 43
11 5 44
10 8 16
6 9 31
13 3 50
12 5 47
12 10 26
3 2 44
8 5 31
6 4 17
13 6 22
0 5 17
1 2 26
11 0 46
12 10 33
11 2 38
13 11 31
8 12 16
8 4 26
3 5 17
0 4 41
8 11 20
0 5 32
2 3 47
1 4 38
10 6 41
9 8 50
5 11 31
7 9 8
0 11 21
5 6 44
4 5 31
10 8 7
1 12 46
7 12 34
10 0 46
11 4 15
8 5 16
4 13 26
6 5 6
2 3 46
9 8 26
10 6 15
1 5 21
3 5 14
11 0 38
3 11 16
3 11 52
11 9 15
8 11 13
12 3 46
10 12 28
2 3 42
4 3 44
11 12 47
1 9 24
0 4 17
1 9 41
3 0 26
4 3 31
11 5 5
1 12 38
1 13 15
0 3 44
9 0 26
9 1 45
7 9 17
10 5 24
13 3 44
10 5 3
2 4 26
5 7 40
11 10 26
12 5 4
12 5 34
11 2 47
12 0 21
11 3 21
5 0 34
2 12 8
4 5 22
6 4 40
3 8 21
11 13 36
9 5 7
12 5 35
5 12 39
9 5 24
10 8 46
11 3 7
8 13 33
12 3 33
0 11 28
3 5 33
6 11 52
12 5 40
13 5 31
12 8 21
11 3 36
1 5 20
10 12 52
4 11 8
12 1 33
3 4 50
9 3 17
11 5 21
12 13 44
0 8 33
8 10 47
6 0 21
2 8 17
4 5 42
2 10 40
5 11 36
1 2 41
0 1 16
13 11 32
12 2 32
0 11 13
10 4 50
0 11 42
8 3 31
13 7 40
12 10 43
8 0 40
8 11 41
8 5 46
0 4 32
7 11 41
11 3 42
6 8 21
11 8 16
10 9 40
0 5 42
0 6 7
6 13 23
10 13 42
12 11 44
12 5 38
10 11 17
12 10 31
11 5 0
10 0 41
10 11 32
8 9 41
4 11 28
11 1 34
2 12 46
13 3 8
12 2 40
1 5 46
4 11 24
1 11 41
2 4 21
11 5 3
12 11 26
5 2 35
9 5 21
4 5 35
9 12 27
4 6 40
11 8 40
10 13 44
7 3 44
9 7 7
2 5 44
13 5 33
9 11 23
10 12 20
2 5 24
3 11 36
7 1 15
10 5 21
13 4 36
8 4 40
13 5 13
7 1 32
1 0 52
0 6 14
8 4 7
11 3 39
7 4 43
13 5 52
6 4 8
0 13 53
7 4 31
1 2 27
7 1 8
3 4 26
4 8 17
11 0 15
4 11 50
13 6 38
8 2 34
3 0 15
1 4 45
0 12 34
0 1 8
2 9 33
8 11 21
9 6 41
10 7 41
4 8 15
12 11 27
9 3 13
7 11 20
9 11 7
2 5 25
2 11 17
5 3 5
8 3 16
9 0 21
12 3 50
4 10 42
8 5 49
7 5 17
4 1 45
7 5 53
2 13 41
13 11 40
7 0 26
12 1 24
13 6 23
1 12 39
7 6 31
6 5 49
0 10 16
11 7 12
11 5 52
2 5 16
12 4 21
3 5 27
7 10 31
11 3 32
3 6 15
13 10 44
4 5 26
12 0 34
9 2 35
4 1 16
10 5 20
5 3 17
4 8 40
3 12 20
10 5 35
4 11 21
2 4 17
6 5 44
0 9 50
5 2 34
3 5 13
9 5 50
13 11 39
11 10 44
0 4 21
11 5 6
11 5 39
10 13 31
0 13 21
12 4 41
11 5 33
8 12 41
11 12 20
9 2 41
1 3 17
1 3 46
5 6 10
5 8 30
11 4 52
5 4 26
6 3 15
11 3 31
5 9 15
11 0 53
0 12 8
8 4 21
3 13 40
8 13 31
11 2 50
8 5 41
0 8 17
5 1 35
13 4 31
8 2 47
8 4 42
9 10 17
2 3 50
10 4 36
7 11 15
10 0 15
4 13 31
5 8 14
6 0 41
1 9 38
5 10 21
3 5 26
1 10 21
3 1 34
4 5 0
2 12 27
4 13 43
7 2 17
13 5 16
11 12 42
10 11 20
13 11 21
11 9 50
9 3 28
2 5 35
4 8 42
11 8 12
4 5 7
3 11 40
4 3 40
5 4 40
8 11 42
0 11 46
1 13 17
10 5 6
11 0 11
5 13 39
10 1 33
11 4 40
2 11 16
1 12 16
11 0 40
5 10 50
5 11 42
2 12 7
2 11 52
11 6 39
2 0 46
3 8 43
5 3 52
0 5 40
5 11 32
5 6 5
2 3 31
13 6 9
5 13 21
5 4 39
12 10 21
11 1 16
0 10 40
2 3 40
10 12 7
10 3 26
1 12 17
5 1 47
10 8 34
11 13 44
3 5 25
1 4 15
1 8 46
13 8 17
3 13 42
12 5 16
12 3 52
11 0 39
3 10 34
12 5 52
12 5 24
5 6 15
9 10 40
4 10 16
5 3 43
5 2 22
10 13 41
12 4 16
11 5 37
4 13 38
7 6 43
3 9 53
9 10 27
11 8 43
10 5 26
4 13 17
3 12 36
7 5 15
7 11 17
6 4 32
1 10 26
6 12 41
8 1 35
4 11 20
9 11 20
0 11 41
4 3 26
6 5 34
3 12 46
10 3 33
8 11 17
6 7 31
10 3 34
12 9 7
3 11 7
10 11 40
12 11 7
1 11 46
4 11 52
12 10 48
13 5 50
3 5 48
9 8 41
13 10 17
10 12 31
8 2 26
2 10 17
5 12 52
11 5 25
8 12 40
8 3 43
8 3 17
8 0 16
3 12 42
10 12 8
7 8 21
11 12 22
3 13 5
11 12 5
12 4 26
7 11 44
0 5 6
9 1 32
4 11 44
6 13 45
12 10 20
0 3 40
12 9 41
5 4 17
11 10 7
8 5 43
5 3 20
9 13 31
3 5 49
2 4 7
13 11 36
2 12 41
9 5 32
8 1 46
5 6 34
8 0 46
0 11 52
9 5 54
5 11 12
12 4 10
9 0 31
13 0 31
1 0 27
9 12 32
12 6 34
2 4 33
1 9 52
8 5 40
3 7 44
9 4 43
13 11 20
6 13 38
1 10 17
12 2 14
12 10 16
8 11 33
8 5 20
4 5 21
5 3 7
12 8 46
0 13 44
1 10 52
5 13 34
7 10 40
8 11 46
10 8 50
10 1 41
3 13 26
9 8 15
3 0 46
1 8 34
12 2 30
6 0 6
5 4 30
5 12 20
9 3 32
0 10 21
1 5 37
10 3 36
9 1 18
3 11 26
7 9 7
8 3 8
5 12 35
10 11 47
13 12 34
8 11 26
7 4 26
10 4 16
7 8 17
5 0 15
4 10 21
5 11 48
8 12 33
9 4 40
3 11 17
2 9 15
11 10 52
12 3 47
0 5 52
13 9 43
8 0 42
5 4 16
5 1 34
0 1 15
11 4 50
8 5 0
8 3 40
3 5 12
1 4 19
5 9 35
12 4 17
5 1 45
10 11 41
3 5 11
5 11 7
10 11 36
11 3 12
0 5 16
1 11 22
5 11 6
1 8 17
3 5 8
3 0 42
13 6 1
2 4 31
0 4 8
12 11 31
11 5 12
10 11 7
1 2 43
1 10 40
5 12 16
5 12 27
4 9 43
2 0 33
3 5 3
1 5 24
13 10 42
2 3 16
8 5 14
4 12 36
11 9 9
12 13 31
4 11 7
5 13 14
12 2 43
8 1 47
10 5 7
6 13 9
0 4 40
2 8 42
4 9 26
1 11 32
1 10 41
12 4 36
4 5 34
2 5 26
9 5 35
3 1 46
4 5 38
3 13 44
3 0 40
4 5 16
2 1 43
5 0 10
3 1 16
8 13 36
4 3 17
8 9 50
10 11 26
1 9 10
4 13 42
1 11 16
4 3 21
13 11 27
13 0 36
11 8 50
5 9 22
9 5 31
12 5 44
1 10 43
3 13 48
6 13 35
11 4 44
12 11 20
5 3 48
11 4 39
12 10 7
12 11 35
0 9 33
7 4 27
1 9 30
12 13 17
5 13 50
5 4 14
11 13 5
11 7 11
0 11 44
11 5 14
11 9 40
13 12 36
13 10 50
4 5 13
4 10 50
5 1 9
5 8 12
0 2 46
1 10 31
12 5 18
7 4 32
2 5 50
7 11 53
0 5 31
9 8 21
10 5 22
0 10 41
10 12 50
2 11 44
9 11 21
6 2 15
10 2 16
6 13 31
4 12 15
0 2 33
13 5 3
11 10 34
0 4 16
1 12 41
5 2 50
2 9 41
8 7 15
0 4 33
8 5 32
2 5 47
4 0 42
12 2 7
7 3 21
10 5 40
4 7 27
8 10 42
7 9 32
8 13 50
10 4 15
4 11 49
13 10 31
3 10 52
10 12 14
3 11 5
0 13 42
10 1 16
12 8 34
12 10 5
1 4 40
5 9 50
3 2 42
1 5 47
6 5 31
5 13 52
9 3 50
8 5 39
3 13 21
11 6 5
5 1 11
10 12 17
1 6 46
1 12 54
0 12 32
0 12 46
1 8 21
6 11 41
12 5 37
9 4 26
12 11 50
0 2 41
5 12 54
5 12 42
13 6 24
1 0 17
13 7 43
11 12 13
0 5 33
6 1 15
11 1 12
1 5 0
11 10 21
0 11 35
10 3 52
2 5 3
5 8 39
5 8 43
0 13 33
3 12 50
13 4 42
13 11 16
9 11 13
1 12 24
7 2 15
13 5 32
4 5 37
1 10 46
9 4 37
10 5 50
13 0 42
11 3 17
12 4 15
0 1 41
13 3 31
4 11 16
6 11 28
11 1 46
11 7 40
2 1 32
4 5 44
13 5 6
5 10 40
6 0 40
4 13 36
10 12 1
4 13 21
7 4 41
0 5 13
2 13 36
5 0 27
3 10 42
13 4 21
4 11 33
7 11 8
3 2 16
2 3 17
13 5 20
0 11 31
13 4 26
13 1 15
9 8 40
11 13 15
11 5 42
4 11 6
9 12 40
7 3 17
8 0 15
5 10 35
11 0 44
9 12 34
5 3 11
11 3 8
5 10 44
4 5 15
5 13 42
8 12 34
4 12 34
4 5 14
3 12 52
12 9 34
3 12 44
9 1 41
1 12 40
8 11 36
1 9 35
11 5 27
2 11 36
5 4 32
1 11 13
6 7 17
10 4 7
8 11 43
10 5 13
7 5 21
7 5 20
2 8 7
12 5 46
12 13 36
5 12 22
11 6 52
8 3 33
11 4 11
0 2 16
9 8 31
6 11 15
11 6 46
10 4 31
2 3 41
10 3 47
13 8 36
10 0 26
10 5 17
5 6 46
3 11 20
8 4 17
13 5 25
0 13 17
2 13 40
12 5 22
0 3 15
9 8 17
10 3 42
3 0 16
3 5 32
5 13 10
7 10 15
8 5 37
8 5 13
2 5 52
5 2 52
3 5 7
12 5 50
2 13 15
2 5 31
5 11 43
0 6 46
9 1 37
5 12 24
3 11 11
0 4 26
11 12 52
5 9 34
13 5 48
10 2 46
9 4 41
0 11 6
10 5 38
9 7 31
8 2 46
6 13 21
2 11 8
6 8 15
6 3 44
10 2 43
9 3 40
1 5 34
0 11 50
9 13 43
11 1 40
1 3 41
12 9 15
2 10 31
5 8 50
1 3 47
1 0 26
5 11 26
5 8 31
5 9 14
9 4 50
10 3 46
6 11 17
8 5 42
11 1 53
10 8 26
7 11 40
3 13 36
13 8 42
2 11 54
5 8 17
3 8 42
2 12 40
5 4 52
12 11 46
1 3 26
1 13 21
3 13 50
2 8 46
13 11 15
1 3 40
4 5 17
0 11 29
3 12 34
11 7 36
6 12 31
10 5 16
0 12 41
12 2 46
12 11 37
1 2 52
0 6 33
0 1 32
5 12 7
4 3 50
4 3 42
3 9 40
5 9 38
9 5 26
11 10 36
11 3 16
0 3 31
5 13 15
5 0 44
10 4 17
12 4 30
4 12 27
12 1 35
6 8 31
11 8 44
13 5 49
5 0 26
7 9 43
7 11 36
8 10 34
0 11 2
0 10 17
5 0 30
5 2 37
10 9 15
11 7 53
9 11 31
4 9 37
12 2 41
8 11 31
1 11 34
9 6 40
9 0 50
13 3 21
6 10 17
11 13 52
11 9 35
0 9 41
4 5 50
9 13 21
6 4 43
12 7 41
11 0 5
8 12 47
5 6 39
3 8 44
10 6 40
6 4 21
1 5 45
11 12 48
3 8 26
10 11 52
3 2 46
3 4 16
11 10 16
9 10 15
8 10 41
10 5 34
12 8 47
8 12 46
9 5 37
11 9 19
8 3 44
13 11 26
12 5 33
8 3 46
11 0 52
3 8 46
2 13 17
11 1 47
10 5 46
7 4 50
9 12 7
11 8 5
3 4 15
7 5 26
10 3 41
7 11 32
0 8 50
5 11 46
12 0 46
0 9 40
11 4 12
1 5 17
13 2 40
11 0 50
0 13 43
8 13 15
12 5 29
10 8 21
1 4 41
11 12 7
3 6 44
2 6 15
4 11 36
9 11 26
10 12 40
3 11 44
4 5 20
1 5 53
5 7 44
5 8 27
11 4 35
0 4 50
8 4 41
6 0 43
0 11 20
8 10 21
6 0 31
4 0 26
10 3 50
12 0 15
12 13 34
3 2 40
10 11 42
8 3 41
9 1 24
5 11 5
3 5 43
12 13 40
2 0 16
11 0 26
2 1 16
5 10 47
13 11 52
4 1 40
0 3 17
13 11 8
2 3 21
1 5 35
8 3 32
9 3 26
7 5 40
5 3 42
2 10 16
7 3 31
7 5 13
0 3 33
4 0 16
5 8 52
12 11 47
10 13 17
2 10 41
5 13 26
12 5 17
2 12 43
0 11 16
12 0 40
9 0 49
2 5 0
5 12 50
12 3 44
10 12 46
3 5 39
5 11 0
11 12 36
11 3 48
2 8 26
10 1 46
12 4 7
13 2 44
3 11 33
4 5 40
6 0 17
5 13 40
4 1 38
0 11 53
5 7 15
8 6 15
4 12 7
0 7 43
10 11 16
13 8 15
9 11 17
3 11 21
8 4 31
2 5 17
11 3 33
13 4 43
12 1 22
5 12 5
5 3 12
4 0 32
0 1 46
6 0 33
12 10 30
4 12 40
10 13 15
1 5 19
0 8 41
4 7 43
8 0 41
13 11 13
13 6 43
5 4 7
5 12 13
11 7 44
0 3 41
12 3 36
6 5 40
2 11 47
12 11 17
0 11 36
2 5 42
2 3 34
4 1 23
1 4 53
6 11 21
4 5 8
9 1 27
0 5 49
12 3 34
2 11 50
5 11 44
0 10 15
5 1 22
0 3 46
9 1 23
10 11 50
3 10 21
2 5 37
5 7 7
6 11 13
13 12 13
11 3 52
0 5 8
5 3 32
6 11 40
11 13 26
10 3 31
4 9 7
5 1 24
1 11 17
0 11 26
13 8 31
10 12 41
9 13 17
1 4 21
12 10 53
7 4 7
6 11 31
2 11 41
2 13 31
13 10 21
3 6 40
8 10 33
5 7 34
10 3 16
13 4 50
5 11 52
3 12 16
0 5 15
12 4 40
3 2 50
12 11 33
6 7 43
10 5 52
12 8 17
11 7 7
1 11 38
11 5 40
8 5 6
8 3 21
11 4 26
12 10 32
2 0 15
10 5 25
7 12 8
12 3 42
11 5 43
0 11 33
12 11 36
0 5 34
5 4 21
1 0 41
11 4 7
5 12 47
5 2 53
8 3 26
9 0 17
2 8 16
4 5 52
0 4 31
11 12 29
8 13 17
5 12 38
3 10 46
0 12 15
11 5 38
6 12 34
1 4 9
9 4 17
7 0 40
7 11 26
4 8 7
5 0 54
7 2 31
12 4 27
5 9 54
9 2 2
3 8 40
5 2 42
8 5 52
9 1 35
0 4 42
9 11 50
8 2 31
10 13 21
0 8 31
9 3 8
1 2 16
11 3 14
8 10 16
4 2 7
6 11 33
2 5 21
5 1 53
1 7 52
3 5 0
9 0 40
